  2.51
 10.68
  5.80
  3.57
  7.91
  5.81
  9.70
  7.44
  9.93
  5.57
  8.05
  1.27
  3.87
  3.92
  8.20
 11.63
  1.51
  3.11
  1.57
  3.28
  2.56
  7.23
  6.48
  6.49
  3.73
 11.77
  6.47
  3.97
  7.41
  7.15
  8.11
  7.54
 10.30
  3.75
  9.58
  1.09
  2.53
  4.42
 10.89
 12.88
  1.02
  3.50
  4.01
  3.23
  1.81
  7.73
  6.36
  9.20
  3.46
 14.68
  5.85
  7.27
  9.19
  8.63
  8.76
  8.17
 11.84
  6.17
  7.90
  2.02
  5.45
  8.69
  8.80
 15.16
  2.38
  0.68
  3.87
  4.00
  2.24
  6.63
  6.29
 10.00
  5.48
 14.80
  9.01
  8.09
  9.45
  8.81
  7.53
  8.22
 10.56
  6.34
 10.89
  1.77
  4.77
  7.48
 10.79
 14.41
  1.27
  2.11
  6.10
  5.01
  0.54
  8.26
  6.07
 11.06
  4.97
 17.05
  7.80
  5.96
  9.40
  9.82
 10.59
  9.45
 12.86
  7.52
 10.85
  1.09
  5.66
  8.84
 11.22
 17.74
  1.87
  2.11
  4.46
  3.89
  1.76
  7.93
  6.98
 11.77
  5.91
 16.21
  8.51
 10.02
  9.47
 10.82
 10.25
  9.84
 11.77
  7.33
 10.84
  3.05
  6.78
 11.16
  9.88
 16.31
  2.46
  0.95
  5.82
  6.23
  1.63
 10.08
  6.22
 12.82
  2.94
 12.19
  3.92
  9.15
  6.67
  5.35
  7.54
  7.35
 12.58
  6.25
  7.44
  2.34
  4.66
  8.38
  6.64
 12.81
  3.44
 -2.30
  3.19
  4.81
  2.94
  5.57
  4.95
  9.13
  5.31
 11.89
  6.75
  9.15
  9.52
  7.60
  6.36
  8.74
  9.32
  6.77
  9.72
  2.05
  3.60
  8.54
  9.00
 10.92
  1.16
  0.08
  6.45
  6.06
 -1.46
  7.68
  4.72
  9.91
  6.09
  6.51
  7.21
 -0.27
  5.34
  2.14
 12.59
  4.72
  8.81
  3.84
  7.73
  2.88
  2.05
  5.51
  7.40
  6.18
 -1.22
  3.08
  0.02
  2.05
  1.35
  5.83
  9.68
  4.41
  6.65
  6.84
  8.97
  1.21
  5.44
  2.38
  9.87
  5.77
  8.43
  4.54
  9.71
  2.65
  2.38
  6.15
 10.50
  5.53
 -1.01
  3.72
  1.66
  3.45
  0.90
  6.48
  9.80
  5.56
  7.87
  8.83
  5.31
  3.59
  7.16
  5.22
 10.89
  6.23
  9.59
  6.47
  9.65
  3.85
  5.22
 12.72
  9.63
  8.12
 -0.14
 -0.29
  2.51
  4.32
  1.67
  6.17
  9.72
  8.13
  6.23
  8.38
 10.32
  4.75
  7.18
  5.22
  9.52
  5.20
  8.48
  7.39
 11.38
  4.24
  5.68
 11.91
 11.62
  6.91
 -0.70
  1.77
  3.64
  4.76
  0.86
  6.83
  9.79
  7.51
  8.10
  9.36
  9.19
  1.73
  6.78
  5.44
 11.66
  8.21
 10.14
  7.65
 12.07
  4.17
  5.40
 11.51
 11.24
  8.79
 -1.24
  1.48
  3.45
  5.13
  1.80
  6.96
 11.03
  7.72
  8.21
  8.26
  8.70
  6.46
  6.60
  6.27
  9.78
  7.49
  9.92
  7.34
 11.77
  5.92
  7.71
 15.86
 10.80
  8.30
  0.16
 -0.97
  5.27
  5.85
  2.04
  7.81
 10.21
  9.43
  7.24
  7.18
  3.18
  5.33
  5.44
  3.96
  9.70
  4.70
 10.85
  8.12
  9.91
  4.72
  5.16
 12.63
  7.48
  7.01
  1.56
 -2.74
  2.67
  5.33
  2.15
  5.35
  7.64
  8.57
  4.76
  6.53
  7.03
  6.06
  6.42
  4.99
  7.66
  4.18
  7.95
  6.58
  9.82
  4.94
  6.13
 12.64
  9.87
  5.12
  0.24
  0.48
  3.08
  4.57
  0.15
  5.93
  7.82
  6.67
  0.71
  6.56
  4.87
 -2.10
  4.61
  5.37
  4.85
  3.25
  2.54
  2.50
  2.36
 -0.89
  4.18
  5.32
  5.54
  6.04
  2.96
 -1.19
 -3.38
  0.28
  2.77
 -1.97
  6.64
  1.95
  2.61
  6.49
  4.08
 -1.27
  4.94
  6.07
  5.14
  3.68
  2.91
  2.53
  2.55
 -0.50
  2.46
  6.85
  7.76
  5.81
  2.34
 -0.67
  0.04
  0.73
  2.23
 -2.06
  6.43
  0.73
  1.45
  9.43
  5.20
  1.52
  6.10
  7.48
  4.80
  6.12
  4.20
  5.73
  4.52
 -0.08
  4.24
  8.21
  5.59
  8.13
  3.74
 -2.94
  0.14
 -0.77
  3.30
 -3.43
  6.46
  5.51
  4.25
  9.02
  5.78
  3.22
  6.50
  8.16
  7.41
  6.52
  4.31
  6.07
  6.45
  0.55
  3.24
  8.63
  8.34
  7.23
  2.13
 -1.28
  2.84
  0.34
  2.30
 -2.04
  6.62
  1.66
  2.97
 10.67
  6.12
  0.30
  6.25
  8.47
  7.97
  7.73
  4.89
  6.59
  6.41
 -0.08
  4.13
  9.26
  8.59
  9.36
  2.80
 -2.53
 -0.55
  0.64
  2.90
 -2.56
  7.56
  4.00
  4.05
 10.66
  6.17
  4.76
  6.64
  8.79
  8.37
  8.58
  4.56
  7.11
  7.86
  1.25
  4.24
 10.02
  6.89
  8.93
  3.12
 -1.22
  1.91
  0.74
  3.37
 -0.82
  6.82
  5.47
  1.51
  8.20
  4.53
  2.77
  4.06
  4.91
  3.20
  4.53
  4.92
  6.19
  4.60
  0.36
  3.54
  7.75
  2.37
  6.51
  4.99
 -4.05
  0.10
 -1.82
  3.88
 -4.04
  5.10
  6.85
  4.29
  7.28
  3.66
  4.40
  6.16
  7.44
  6.69
  5.25
  3.50
  7.07
  5.41
  0.99
  1.57
  9.15
  6.38
  4.87
  2.09
 -1.10
  3.40
 -0.33
  1.28
 -0.90
  5.16
  2.36
  0.60
  7.27
  4.97
 -2.52
  4.33
  4.29
  2.12
  0.71
  0.89
  1.81
  1.24
  1.15
 -2.20
  5.92
  7.02
  4.72
 -2.99
 -1.13
 -4.96
  0.81
 -1.30
  1.53
  1.43
  0.87
  1.62
  6.98
  4.79
 -0.49
  4.07
  4.25
  0.87
  1.28
  2.09
  2.92
  0.74
  0.78
 -2.22
  5.49
  8.79
  5.08
 -3.38
 -0.41
 -2.69
  0.62
 -1.61
  1.18
  0.55
  0.16
  3.89
 10.80
  4.72
  2.20
  5.74
  7.36
  2.43
  1.17
  2.43
  3.28
  2.30
  2.82
  0.61
  8.08
  7.04
  7.25
 -0.99
 -2.88
 -1.57
  1.21
 -0.62
  1.40
  2.91
  3.97
  3.78
 10.10
  6.49
  4.16
  5.61
  6.74
  2.48
  1.33
  3.59
  5.13
  2.21
  1.88
  1.11
  6.01
  9.24
  6.41
 -1.60
 -0.58
 -0.36
  0.43
 -1.11
  0.72
  2.74
  2.04
  3.87
 10.65
  6.04
  0.08
  5.48
  7.87
  3.26
  2.88
  3.18
  3.63
  1.74
  2.08
  0.39
  8.45
  9.51
  8.71
 -2.00
 -1.61
 -3.04
  1.60
 -0.83
  0.70
  2.12
  2.81
  5.95
 11.04
  6.23
  5.77
  5.08
  8.40
  3.83
  3.29
  3.71
  4.39
  3.93
  3.60
  2.79
  8.51
  8.30
  7.90
 -0.14
 -2.84
 -0.51
  1.23
 -0.01
  2.55
  4.06
  5.14
  4.69
  9.10
  3.70
  4.84
  3.92
  6.01
  1.98
  1.37
  3.42
  3.83
  3.96
  3.26
  0.03
  7.26
  5.21
  5.83
  0.73
 -4.86
  0.45
  1.53
  0.07
  1.80
  2.79
  5.73
  3.55
  7.86
  4.41
  6.31
  5.39
  5.78
  1.98
  0.74
  2.98
  5.74
  1.59
  2.77
  1.36
  4.54
  7.27
  4.44
 -0.94
 -0.51
  0.31
  0.06
 -1.25
  0.84
  2.23
  2.20
 -1.27
  7.66
  1.43
  1.52
 -0.44
  1.93
  0.57
 -2.40
  1.23
  0.19
  0.30
 -1.28
 -1.48
 -1.60
  1.70
  1.86
  1.71
 -1.22
 -5.85
 -5.49
 -3.86
 -4.96
  3.56
  2.58
  0.21
  9.19
  1.47
  2.20
 -2.04
  2.52
 -0.47
 -1.34
  3.76
 -0.26
 -0.54
 -0.80
 -0.83
 -0.09
  3.68
  2.73
  1.79
  0.22
 -4.20
 -5.51
 -3.22
 -5.73
  2.98
  2.84
  0.06
  9.55
  1.83
  4.75
  0.24
  4.68
  0.25
 -1.77
  3.26
  2.75
  2.04
 -0.87
  1.94
  2.81
  2.76
  4.10
  1.61
 -4.47
 -4.30
 -5.29
 -2.22
 -5.04
  4.11
  4.44
  1.68
 10.22
  3.28
  6.25
  0.15
  4.87
  0.30
 -0.26
  6.70
  2.87
  1.90
  0.05
  3.29
  6.05
  5.03
  4.51
  0.89
 -3.16
 -2.42
 -4.78
 -1.43
 -4.52
  3.38
  4.66
  1.04
 11.22
  2.58
  4.66
 -0.15
  5.46
  2.27
 -0.08
  4.79
  3.34
  2.80
 -0.76
  1.74
  3.65
  4.33
  6.01
  1.27
 -2.06
 -4.11
 -5.68
 -2.31
 -5.73
  3.88
  5.15
  2.37
  9.86
  2.77
  8.24
  0.05
  6.62
  1.91
  0.74
  5.89
  4.16
  3.48
  1.31
  4.17
  8.08
  4.10
  5.46
  0.56
 -3.59
 -0.99
 -4.32
 -1.46
 -3.17
  4.36
  6.50
 -0.01
  7.50
  0.76
  5.16
 -0.36
  2.86
 -0.87
 -1.51
  4.71
  3.95
  1.09
 -0.13
  1.25
  3.09
  0.82
  2.35
  1.98
 -6.42
 -2.27
 -5.41
 -1.04
 -4.29
  3.36
  4.43
  2.28
  7.75
  1.30
  7.22
  1.41
  4.15
 -1.04
 -0.30
  6.98
  3.67
  1.60
  0.75
  3.96
  9.26
  4.31
  2.38
 -0.11
 -3.76
 -0.94
 -3.39
 -1.64
 -2.88
  3.25
  5.03
 -3.39
  3.42
 -0.81
 -2.16
 -0.53
  2.14
 -0.29
 -3.30
  0.19
  2.14
  0.69
 -0.66
 -1.62
  4.36
  4.16
  5.57
 -0.80
 -3.93
 -8.12
 -3.52
 -3.99
 -9.26
  1.02
 -2.95
 -2.12
  3.45
  0.21
 -1.16
 -1.52
  3.07
 -1.63
 -3.02
  1.49
  1.43
 -0.51
 -0.64
 -0.71
  5.42
  4.95
  5.87
  0.33
 -3.45
 -6.17
 -4.20
 -4.44
 -7.88
  1.21
 -3.40
  1.01
  5.62
  0.47
  2.39
  2.18
  3.81
 -0.05
 -1.26
  2.03
  5.76
  1.29
  1.37
  1.47
  8.05
  4.67
  7.43
 -2.22
 -5.43
 -4.64
 -4.31
 -3.10
 -7.20
  1.33
  0.34
  0.31
  5.05
  2.69
  3.43
  1.60
  4.95
 -0.60
 -2.57
  3.52
  6.62
  1.00
  1.28
  2.23
  7.10
  5.73
  6.44
 -0.51
 -3.76
 -3.71
 -3.99
 -3.66
 -6.99
  1.97
 -1.93
  0.33
  6.17
  0.79
 -0.02
  1.10
  5.21
  1.24
 -1.22
  2.48
  6.80
  2.79
  0.91
  1.39
  8.04
  6.14
  8.83
 -1.94
 -4.53
 -6.25
 -3.47
 -3.52
 -8.45
  1.66
 -0.79
  2.60
  5.80
  2.57
  5.31
  1.56
  5.78
  1.63
  0.31
  3.34
  7.82
  2.42
  2.92
  3.54
  9.00
  5.93
  7.61
 -2.44
 -4.74
 -3.67
 -3.43
 -2.44
 -4.84
  2.39
  1.56
  2.74
  4.98
  1.29
  4.89
  1.21
  2.97
 -0.05
 -0.90
  3.21
  6.24
  2.27
  1.78
  2.10
  7.41
  3.03
  5.50
 -1.31
 -6.81
 -2.26
 -3.65
 -1.88
 -5.60
  0.52
  2.58
  0.40
  3.87
  3.40
  5.11
  1.02
  4.15
  0.06
 -2.73
  3.03
  7.27
 -1.31
  1.92
  3.56
  6.72
  5.12
  3.95
  0.14
 -2.93
 -2.85
 -4.08
 -3.28
 -4.94
  1.41
 -0.88
 -0.35
 11.27
  8.79
  4.26
  4.40
  2.82
  6.04
  2.86
  2.86
  1.16
  3.66
  1.38
  0.89
  4.52
  6.06
  6.52
 -1.88
  2.25
 -3.17
 -0.33
 -1.11
  2.91
  5.64
  2.22
  2.23
 11.59
  8.22
  3.76
  4.63
  3.70
  5.92
  3.87
  3.19
  1.48
  4.51
  1.80
 -0.94
  6.69
  8.14
  6.45
 -2.72
  3.20
 -0.90
 -0.10
 -1.27
  4.33
  5.52
  3.03
  2.07
 13.22
  8.38
  6.02
  4.50
  4.44
  4.53
  4.90
  5.29
  3.54
  4.24
  3.24
  1.88
  9.21
  8.11
  8.78
 -0.65
  0.51
 -0.31
 -1.36
 -0.95
  2.54
  5.70
  4.98
  4.54
 12.96
  8.79
  6.69
  5.36
  5.15
  4.77
  5.56
  5.41
  4.05
  5.85
  2.68
  0.57
 10.56
  9.32
  7.25
 -1.47
  2.42
  2.10
 -0.66
 -1.46
  4.27
  5.22
  4.63
  3.29
 15.72
  8.62
  4.69
  5.12
  5.72
  7.34
  6.43
  6.04
  4.92
  6.94
  2.73
  1.34
 11.08
  9.29
 10.00
 -1.67
  2.31
 -2.52
 -0.48
 -0.70
  3.31
  6.13
  6.22
  5.01
 13.32
  8.37
  7.92
  4.52
  6.32
  5.54
  7.67
  6.34
  4.75
  6.52
  4.26
  2.27
 13.69
  8.64
  9.67
 -0.28
  1.87
  2.04
 -0.11
 -0.87
  5.08
  5.91
  7.19
  2.09
 10.33
  7.10
  6.77
  1.55
  2.49
  1.68
  4.19
  5.44
  3.60
  3.46
  3.05
  0.64
  8.68
  6.88
  6.92
  0.64
 -1.92
  1.85
 -1.02
 -1.47
  1.66
  4.23
  4.60
  5.18
  9.82
  6.05
  7.78
  5.20
  3.88
  4.16
  6.24
  4.99
  5.51
  5.08
  2.91
 -0.83
 12.80
  7.93
  5.13
 -0.85
  1.86
  4.42
 -0.62
 -2.52
  4.67
  3.82
  2.78
  1.50
  5.84
  8.31
  0.84
  3.83
  3.32
  4.55
  0.75
  3.71
  2.16
  1.81
  0.76
 -1.69
  6.94
  5.84
  8.26
 -3.15
 -0.26
 -3.29
 -1.86
 -0.49
  1.46
  3.51
  1.83
  2.25
  6.89
  8.04
  0.59
  2.92
  3.39
  2.86
  1.55
  4.81
  1.91
  2.40
  1.47
 -0.40
  7.45
  8.43
  8.19
 -2.67
 -0.34
 -1.69
 -2.74
  0.46
  0.66
  3.23
  1.35
  4.33
  8.84
  6.52
  5.37
  5.44
  5.58
  3.58
  2.37
  5.78
  4.69
  4.96
  2.43
 -0.58
 11.96
  7.47
 10.25
 -2.28
 -1.86
 -1.63
 -1.31
  0.13
  2.09
  4.66
  4.07
  3.91
  8.49
  7.75
  5.42
  4.94
  5.02
  3.79
  2.41
  5.79
  6.02
  5.34
  3.45
  0.68
 11.36
  9.33
  9.10
 -1.04
 -1.97
 -0.52
 -2.13
  0.93
  2.00
  4.04
  2.97
  4.75
 10.15
  8.18
  1.74
  5.39
  6.02
  4.94
  4.07
  6.23
  5.76
  6.08
  2.83
  0.32
 10.07
  9.33
 12.07
 -2.71
 -0.42
 -2.56
 -1.53
  0.81
  1.65
  4.94
  4.20
  6.23
  9.15
  7.50
  6.72
  4.80
  6.18
  4.44
  3.48
  6.77
  6.01
  6.81
  4.47
  1.39
 14.48
  8.37
 11.28
  0.05
 -1.82
 -0.60
 -1.06
  1.47
  3.75
  5.39
  5.71
  5.34
  6.80
  4.98
  7.18
  3.76
  4.13
  3.30
  0.57
  6.10
  5.51
  4.28
  3.47
 -0.80
 11.91
  6.21
  8.03
 -0.68
 -3.59
  0.07
 -1.20
  0.13
  2.85
  3.92
  3.89
  3.56
  5.84
  5.53
  6.63
  3.82
  4.05
  3.06
  1.00
  5.52
  6.46
  2.10
  3.83
  1.08
 12.87
  7.66
  7.05
  0.58
 -3.10
  0.05
 -3.20
  0.20
  2.28
  2.88
  1.83
  2.31
  6.43
  0.37
  0.78
 -1.35
  2.29
  0.65
  1.50
  1.60
  1.24
  1.31
 -6.19
  3.57
  1.33
  5.07
  6.86
 -0.51
  1.12
 -5.66
 -2.12
 -4.23
 -7.40
  4.30
  0.20
  4.01
  7.59
  1.18
  1.27
 -1.70
  1.82
  0.18
  2.41
  1.59
  0.86
  2.10
 -5.96
  2.46
  1.62
  7.08
  7.26
 -1.05
  1.65
 -3.91
 -2.45
 -3.65
 -7.02
  5.05
  2.45
  3.26
  9.05
 -0.70
  4.03
  0.51
  5.07
 -0.24
  3.11
  5.71
  3.81
  2.14
 -4.46
  3.26
  3.40
  5.13
  8.76
  0.32
 -1.78
 -3.52
 -4.51
 -3.47
 -6.25
  5.15
  3.53
  5.29
  9.83
  2.50
  5.15
  0.92
  4.55
  1.28
  3.86
  3.37
  1.93
  2.69
 -4.11
  2.19
  3.79
  7.40
  7.22
 -0.67
 -2.00
 -2.47
 -4.15
 -3.37
 -4.54
  6.15
  3.77
  4.77
 11.46
  1.01
  2.45
 -0.07
  5.12
  1.83
  4.39
  5.16
  4.96
  2.71
 -5.99
  3.16
  4.47
  6.99
  9.96
 -1.51
 -0.46
 -4.41
 -3.67
 -3.95
 -6.45
  6.28
  3.89
  5.18
 10.28
  1.56
  6.69
  0.95
  5.98
  1.52
  5.01
  5.73
  3.72
  2.91
 -3.18
  3.78
  5.96
  6.22
  9.37
 -0.02
 -1.91
 -1.06
 -4.64
 -3.34
 -3.21
  6.51
  5.39
  2.31
  6.43
 -1.38
  5.05
 -0.22
  3.48
 -0.93
  2.08
  5.46
  3.48
  1.24
 -3.28
  2.71
  2.81
  3.46
  7.00
  1.53
 -4.82
 -2.37
 -5.14
 -2.64
 -4.20
  3.70
  2.69
  4.81
  7.76
  2.57
  5.66
  2.18
  3.99
  0.98
  3.88
  2.99
  3.48
  1.71
 -3.01
  0.94
  5.05
  6.27
  4.78
 -0.60
 -3.48
 -0.86
 -4.50
 -3.81
 -1.98
  5.34
  4.00
 -0.58
 -0.87
  4.92
 -0.16
  0.29
 -0.56
 -1.06
 -4.49
  0.23
 -1.03
  3.02
 -0.18
 -2.78
  4.61
  5.89
  4.13
 -4.95
 -4.02
 -6.94
 -5.01
 -3.19
 -5.85
  4.27
  3.24
 -0.34
 -1.24
  4.61
  1.49
  0.43
 -0.62
 -3.39
 -3.37
  0.92
 -3.42
  3.27
  1.12
 -2.72
  3.94
  7.31
  3.36
 -4.65
 -2.82
 -5.36
 -6.29
 -2.69
 -4.53
  3.77
  4.41
  1.97
  2.94
  4.98
  2.51
  2.34
  2.72
 -0.81
 -2.92
  1.94
  2.19
  5.13
  2.83
 -1.03
  5.00
  7.66
  5.06
 -3.84
 -5.32
 -3.09
 -4.46
 -1.31
 -4.15
  4.47
  7.17
  1.17
  3.08
  6.37
  3.73
  2.07
  2.45
 -2.49
 -0.58
  2.71
  0.25
  4.48
  3.65
 -1.30
  3.43
  8.41
  3.73
 -4.51
 -2.79
 -2.04
 -5.44
  0.23
 -4.69
  4.63
  6.50
  1.79
  2.50
  5.75
  1.30
  1.81
  2.29
 -1.14
 -1.59
  2.35
  1.72
  5.68
  2.48
 -1.34
  5.24
  8.73
  5.54
 -5.96
 -3.98
 -4.93
 -4.33
 -1.39
 -5.86
  5.32
  6.99
  2.91
  4.12
  6.25
  4.68
  1.17
  3.95
 -0.54
  0.09
  2.69
  1.82
  5.98
  5.18
  0.52
  4.71
  8.12
  4.99
 -3.83
 -4.04
 -1.67
 -3.85
  0.79
 -3.61
  5.22
  8.12
  3.54
  3.36
  4.35
  3.92
  0.47
  2.50
 -0.27
 -2.59
  3.20
  5.44
  5.60
  3.17
 -0.71
  3.74
  6.76
  4.04
 -1.42
 -7.00
 -0.56
 -4.37
  0.04
 -3.63
  2.77
  7.90
  0.40
  2.60
  5.17
  4.71
  2.14
  2.39
 -2.47
 -0.82
  2.37
  1.16
  2.14
  4.54
 -1.75
  3.56
  6.71
  2.78
 -2.07
 -2.37
 -1.38
 -6.34
  0.97
 -4.65
  3.44
  5.61
 -0.70
  3.25
  1.75
 -2.34
 -3.19
  2.53
 -1.91
 -2.89
 -0.26
  2.69
 -2.74
  1.35
 -3.00
 -0.80
 -0.78
  3.95
 -2.30
  0.53
 -7.63
 -3.19
 -3.79
-10.95
  5.45
  1.36
  0.63
  4.41
  1.35
 -0.60
 -3.84
  2.41
 -2.93
 -2.45
  0.81
  2.68
 -2.04
  0.67
 -1.58
  1.36
  1.04
  3.78
 -1.84
  1.27
 -5.48
 -4.48
 -5.20
-10.35
  5.45
  0.58
  0.73
  6.29
  1.75
  0.78
 -2.15
  4.54
 -2.51
 -1.43
  0.75
  4.72
 -1.14
  2.35
 -0.30
  4.13
  0.66
  6.37
 -0.73
 -1.56
 -3.97
 -5.78
 -3.19
-10.44
  5.92
  5.12
  2.75
  6.66
  3.29
  2.32
 -1.73
  4.85
 -1.20
 -1.71
  2.99
  4.53
 -0.08
  1.45
  1.01
  5.52
  1.97
  4.86
 -0.22
  0.23
 -2.07
 -6.13
 -5.33
 -9.57
  6.15
  1.99
  1.78
  8.49
  3.14
 -1.24
 -2.50
  5.27
 -0.15
 -0.96
  1.17
  4.53
  0.31
  2.53
  0.05
  5.13
  2.34
  8.02
 -1.48
 -0.04
 -4.77
 -4.40
 -4.43
-11.22
  6.04
  3.98
  2.88
  7.19
  3.31
  2.89
 -2.32
  6.15
  0.41
  0.18
  1.64
  5.13
  0.97
  2.67
  1.91
  7.55
  1.97
  7.32
 -0.75
 -0.11
 -0.98
 -6.45
 -3.70
 -8.86
  6.47
  5.64
  0.51
  4.39
  1.12
  2.63
 -3.93
  2.09
 -2.36
 -1.57
  2.46
  5.76
 -0.56
  2.19
 -0.72
  2.64
 -0.28
  4.08
 -0.27
 -4.54
 -2.23
 -6.60
 -1.39
 -8.66
  4.10
  5.20
  3.27
  4.73
  2.11
  4.31
 -1.21
  4.03
 -1.58
 -1.79
  3.60
  4.72
 -0.26
  1.44
  1.98
  6.66
  1.58
  1.82
 -0.63
 -0.56
 -0.74
 -7.62
 -6.10
 -7.45
  5.52
  2.74
 -2.51
  0.52
  1.04
 -3.61
 -3.70
  0.77
 -2.31
 -7.50
 -1.83
 -0.50
  0.04
 -1.04
 -3.09
  0.79
  2.65
  2.77
 -6.21
 -4.60
 -6.00
 -7.35
 -2.45
 -7.54
  0.21
 -0.21
 -2.04
  1.86
  1.46
 -2.63
 -5.01
  0.32
 -3.88
 -7.81
 -1.78
 -1.15
 -0.93
 -1.31
 -2.43
  0.08
  4.00
  2.74
 -4.76
 -3.13
 -5.00
 -7.93
 -2.78
 -6.64
  0.18
  0.55
 -0.22
  4.10
  0.28
  1.11
 -1.92
  3.52
 -1.59
 -5.37
  1.75
  4.05
  2.50
  1.89
  0.43
  3.72
  3.62
  5.65
 -4.81
 -6.45
 -3.98
 -6.78
 -1.97
 -6.33
  0.56
  3.61
 -1.43
  5.43
  2.34
  2.38
 -1.69
  3.07
 -2.80
 -6.20
  0.52
  3.13
  1.50
  1.43
  1.49
  1.88
  4.38
  4.11
 -2.93
 -2.88
 -2.78
 -8.06
 -1.63
 -6.66
  0.29
  2.82
 -0.41
  4.59
  1.76
 -1.81
 -2.50
  3.85
 -1.18
 -5.70
  1.31
  4.10
  2.71
  0.67
  0.15
  3.34
  5.12
  6.11
 -5.42
 -4.95
 -5.18
 -6.76
 -2.69
 -7.72
  1.10
  3.88
  0.77
  5.12
  2.20
  4.23
 -2.10
  4.10
 -0.38
 -3.12
  2.58
  5.79
  2.88
  3.19
  2.77
  5.53
  4.46
  6.48
 -2.84
 -5.99
 -2.05
 -6.83
 -1.59
 -4.91
  0.59
  6.14
  0.45
  2.50
  0.07
  3.48
 -2.05
  2.08
 -1.25
 -3.25
  3.95
  3.78
  2.06
  2.38
  0.61
  2.21
  2.61
  4.04
 -2.63
 -8.57
 -1.31
 -5.39
 -1.31
 -4.83
 -0.51
  4.31
 -2.44
  4.16
  1.89
  5.12
 -0.81
  2.29
 -2.08
 -5.20
 -0.16
  4.80
 -0.64
  2.31
  2.81
  0.69
  2.38
  2.37
 -1.18
 -2.97
 -2.34
 -8.09
 -1.91
 -4.51
 -1.08
  2.60
  2.93
 10.99
  5.80
  3.83
  7.91
  5.81
  9.70
  7.81
 11.19
  6.22
  7.77
  1.32
  4.55
  3.92
  8.20
 11.63
  1.23
  3.11
  1.47
  3.48
  3.71
  8.05
  6.39
  7.44
  4.18
 11.89
  6.47
  4.15
  7.41
  7.15
  8.11
  7.96
 11.19
  4.61
  9.53
  1.19
  3.08
  4.42
 10.89
 12.88
  0.71
  3.50
  3.92
  3.65
  2.73
  8.60
  6.26
 10.22
  3.88
 15.00
  5.85
  7.54
  9.19
  8.63
  8.76
  8.50
 12.91
  6.79
  7.76
  2.25
  6.30
  8.69
  8.80
 15.16
  2.04
  0.68
  4.03
  4.65
  3.34
  7.53
  6.25
 11.04
  5.74
 15.04
  9.01
  8.02
  9.45
  8.81
  7.53
  8.45
 11.02
  7.07
 10.87
  2.18
  5.42
  7.48
 10.79
 14.41
  1.09
  2.11
  6.20
  5.95
  1.24
  9.45
  6.00
 12.02
  5.51
 17.31
  7.80
  6.31
  9.40
  9.82
 10.59
  9.82
 13.85
  8.70
 10.80
  1.22
  6.40
  8.84
 11.22
 17.74
  1.52
  2.11
  4.20
  4.46
  2.66
  9.03
  6.86
 12.91
  6.19
 16.51
  8.51
 10.06
  9.47
 10.82
 10.25
 10.01
 12.19
  8.16
 11.01
  3.49
  7.52
 11.16
  9.88
 16.31
  2.20
  0.95
  5.92
  7.37
  2.44
 11.15
  6.26
 13.70
  2.97
 12.49
  3.92
  9.33
  6.67
  5.35
  7.54
  7.67
 13.74
  6.48
  7.14
  2.66
  5.36
  8.38
  6.64
 12.81
  3.28
 -2.30
  3.30
  5.90
  4.13
  6.32
  4.90
  9.96
  5.48
 12.12
  6.75
  8.82
  9.52
  7.60
  6.36
  9.01
  9.70
  7.12
  9.70
  2.69
  4.21
  8.54
  9.00
 10.92
  0.98
  0.08
  6.68
  7.40
 -0.91
  8.48
  4.68
 10.44
  7.02
  6.86
  7.32
 -0.56
  5.34
  2.52
 13.82
  4.13
 10.09
  4.09
  9.35
  2.85
  2.05
  5.55
  7.49
  6.18
 -0.20
  4.35
  0.49
  2.27
  1.42
  6.17
  9.55
  5.86
  7.43
  7.08
  9.14
  1.01
  5.44
  2.84
 10.91
  5.14
  9.47
  5.01
 11.18
  2.64
  2.38
  6.15
 10.78
  5.53
  0.21
  4.64
  1.90
  4.09
  0.93
  6.90
  9.50
  7.04
  9.34
  9.35
  5.33
  3.36
  7.16
  5.85
 12.03
  5.04
 10.99
  6.49
 11.41
  3.82
  5.22
 12.76
  9.78
  8.12
  0.74
  0.63
  2.75
  4.86
  1.83
  6.68
  9.56
  9.33
  7.09
  8.82
 10.34
  4.62
  7.18
  5.69
 10.57
  4.08
  9.65
  7.54
 13.10
  4.13
  5.68
 11.74
 11.84
  6.91
  0.44
  2.22
  3.84
  5.51
  0.82
  7.44
  9.61
  8.68
  9.33
  9.70
  9.29
  1.57
  6.78
  6.12
 12.77
  7.19
 11.28
  7.67
 13.89
  4.12
  5.40
 11.46
 11.55
  8.79
 -0.14
  2.25
  3.74
  5.91
  1.93
  7.64
 10.83
  9.05
  9.66
  8.95
  8.76
  6.29
  6.60
  7.20
 10.71
  6.20
 11.24
  7.33
 13.58
  5.70
  7.71
 15.58
 10.95
  8.30
  1.18
 -0.36
  5.60
  6.69
  2.19
  8.61
 10.06
 10.59
  8.35
  7.84
  3.10
  5.08
  5.44
  4.54
 10.79
  3.59
 12.40
  7.85
 11.67
  4.66
  5.16
 12.87
  7.51
  7.01
  2.50
 -1.88
  3.27
  6.03
  2.54
  5.84
  7.56
  9.77
  5.62
  6.91
  7.03
  5.94
  6.42
  5.82
  8.63
  3.23
  9.19
  6.79
 11.21
  4.78
  6.13
 12.56
  9.96
  5.12
  1.15
  0.64
  3.08
  5.57
  0.14
  6.53
  7.69
  7.68
  3.09
  6.85
  4.82
 -1.49
  4.88
  5.60
  4.83
  3.12
  5.51
  5.38
  3.47
 -1.48
  5.27
  3.96
  5.43
  6.07
  3.10
 -0.67
 -1.89
  1.18
  3.59
  2.46
  6.64
  3.13
  4.67
  6.88
  4.87
 -0.69
  5.39
  6.34
  5.28
  3.35
  5.85
  6.76
  4.19
 -1.19
  3.18
  5.59
  7.82
  6.04
  2.45
  0.38
  1.51
  1.39
  3.59
  2.57
  6.43
  1.95
  5.08
  9.32
  6.02
  1.18
  6.21
  7.45
  4.67
  7.14
  6.27
  8.44
  5.60
 -0.64
  5.56
  6.98
  5.50
  8.18
  4.08
 -2.18
  0.82
  0.32
  3.91
  0.86
  6.46
  6.01
  6.95
  9.05
  7.34
  2.34
  6.73
  8.13
  7.90
  6.42
  5.49
  9.17
  7.85
 -0.37
  4.23
  7.50
  8.44
  7.34
  2.38
 -0.75
  4.06
  1.25
  3.47
  2.34
  6.62
  2.57
  6.11
 10.69
  7.39
 -0.14
  6.58
  8.57
  8.10
  8.04
  7.12
  9.46
  8.04
 -0.94
  5.29
  7.96
  8.61
  9.46
  3.15
 -1.53
  0.38
  1.64
  4.48
  2.17
  7.56
  4.82
  7.50
 10.64
  7.44
  3.34
  6.80
  8.64
  8.52
  9.11
  7.20
 10.00
  9.23
  0.49
  5.86
  9.06
  7.05
  9.03
  3.67
 -0.78
  2.80
  1.84
  5.27
  3.35
  6.82
  5.88
  5.11
  8.55
  4.51
  2.03
  4.19
  4.73
  3.07
  5.43
  6.22
  8.83
  5.04
 -0.21
  4.74
  6.96
  2.24
  6.61
  5.30
 -3.21
  0.35
 -0.82
  3.92
 -0.88
  5.10
  7.12
  6.50
  7.47
  4.90
  3.44
  6.37
  7.38
  6.72
  5.22
  5.10
 10.15
  6.44
  0.05
  3.17
  8.28
  6.06
  5.03
  2.22
 -0.95
  4.79
  0.53
  2.28
  2.23
  5.16
  3.22
 -0.03
  5.71
  4.79
 -2.44
  4.69
  5.43
  3.05
  2.60
  5.73
  1.51
  0.38
  1.89
 -3.29
  4.91
  7.23
  7.02
 -4.13
 -1.09
 -2.67
  0.41
 -2.63
  4.99
  1.70
  2.67
  1.45
  5.39
  4.34
 -0.88
  4.60
  6.20
  1.52
  3.46
  8.58
  2.91
  0.01
  1.30
 -3.24
  4.95
  9.33
  7.23
 -4.07
 -0.07
  0.48
  1.28
 -3.11
  5.11
  0.80
  2.31
  4.52
  9.47
  4.28
  2.15
  6.45
  9.31
  3.30
  3.58
  6.10
  4.77
  1.71
  3.32
  0.27
  8.45
  7.36
  9.20
 -2.75
 -2.60
  0.68
  1.06
 -2.29
  5.46
  2.93
  5.46
  4.14
  8.83
  5.30
  3.20
  6.30
  9.75
  3.34
  4.03
  8.96
  5.68
  1.65
  2.40
  0.99
  6.86
  9.90
  8.16
 -2.54
 -0.53
  2.67
  1.26
 -3.62
  4.77
  2.73
  3.50
  4.33
  8.89
  5.43
 -0.72
  6.05
 10.29
  3.88
  4.89
  8.12
  5.03
  0.62
  2.76
  0.05
  8.53
 10.13
 10.84
 -3.32
 -1.23
  0.10
  2.22
 -3.05
  5.07
  2.19
  4.71
  6.56
  9.65
  5.36
  5.13
  5.76
 10.88
  4.42
  6.29
  7.89
  5.29
  3.18
  4.32
  3.21
  9.95
  8.87
  9.65
 -1.89
 -2.32
  2.05
  2.10
 -2.02
  7.50
  4.10
  6.13
  5.74
  8.40
  3.09
  5.53
  4.44
  7.18
  2.75
  3.46
  6.73
  5.99
  3.39
  4.23
 -0.12
  8.40
  5.38
  7.28
 -1.34
 -4.67
  1.49
  1.49
 -1.11
  5.27
  2.83
  6.35
  5.08
  6.78
  3.21
  5.44
  6.01
  8.61
  2.53
  3.17
  7.74
  7.05
  1.04
  3.38
  0.87
  6.31
  7.84
  5.76
 -2.62
 -0.46
  2.54
  1.21
 -3.08
  4.75
  2.07
  2.62
 -1.00
  6.62
  1.50
  2.99
 -0.59
 -3.60
 -0.20
 -2.40
  1.33
 -0.46
  3.12
 -1.92
 -1.48
 -1.60
  1.70
  1.23
  0.65
 -0.69
  0.98
 -4.28
 -4.38
 -4.96
  3.52
  2.60
  0.43
  7.98
  1.37
  3.58
 -2.16
 -1.10
 -1.27
 -1.34
  3.79
 -1.85
  2.00
 -1.15
 -0.83
 -0.09
  3.68
  2.04
  2.19
  0.91
  4.24
 -4.40
 -3.41
 -5.73
  2.96
  2.62
  0.18
  9.00
  0.92
  5.56
  0.03
  0.76
 -0.38
 -1.77
  2.73
  2.34
  4.10
 -1.14
  1.94
  2.81
  2.76
  3.56
  1.20
 -4.26
 -1.16
 -4.06
 -2.35
 -5.04
  4.02
  4.54
  2.03
  9.74
  2.36
  6.93
  0.02
  2.82
 -0.74
 -0.26
  6.42
  1.91
  3.31
 -0.02
  3.29
  6.05
  5.03
  4.25
  1.04
 -2.78
  3.83
 -3.70
 -1.33
 -4.52
  3.20
  4.52
  1.25
 10.62
  2.10
  5.99
 -0.32
  2.02
  1.56
 -0.08
  4.01
  2.72
  5.21
 -0.81
  1.74
  3.65
  4.33
  5.34
  1.40
 -1.70
  2.22
 -4.57
 -2.50
 -5.73
  3.80
  4.80
  2.65
  9.38
  1.85
  8.70
 -0.11
  4.44
  1.04
  0.74
  4.92
  3.66
  5.00
  1.55
  4.17
  8.08
  4.10
  5.07
  0.40
 -3.50
  1.72
 -2.98
 -1.41
 -3.17
  4.14
  6.62
 -0.00
  6.96
 -0.18
  5.38
 -0.69
 -0.54
 -1.47
 -1.51
  4.54
  4.13
  2.14
 -0.40
  1.25
  3.09
  0.82
  2.11
  1.01
 -6.32
 -3.15
 -4.35
 -0.92
 -4.29
  3.25
  5.02
  2.55
  7.41
  0.24
  7.56
  1.33
  2.42
 -1.98
 -0.30
  6.87
  3.38
  2.35
  0.78
  3.96
  9.26
  4.31
  2.39
 -0.32
 -3.52
  3.30
 -2.25
 -1.21
 -2.88
  2.94
  5.25
 -2.17
  4.65
 -0.44
 -1.86
 -0.68
  1.76
 -0.29
 -4.01
 -1.96
  1.07
  0.04
 -0.62
 -1.23
  4.36
  4.05
  5.76
  0.15
 -4.12
 -7.12
 -2.69
 -4.03
 -9.26
  0.79
 -3.15
 -1.01
  3.88
  0.84
 -1.07
 -1.59
  3.06
 -1.63
 -3.29
 -0.13
  1.17
 -1.09
 -0.56
 -0.50
  5.42
  4.93
  5.97
  2.00
 -3.68
 -5.99
 -3.30
 -4.52
 -7.88
  1.00
 -3.50
  1.77
  6.29
  0.80
  2.56
  1.93
  3.26
 -0.05
 -2.30
  1.03
  4.62
  0.74
  1.03
  1.54
  8.05
  4.66
  8.14
 -1.66
 -5.66
 -4.10
 -3.57
 -3.16
 -7.20
  1.02
  0.83
  1.02
  5.71
  2.89
  3.27
  1.48
  4.64
 -0.60
 -3.77
  3.03
  6.62
  0.48
  1.12
  2.32
  7.10
  5.75
  6.66
  1.01
 -3.74
 -4.26
 -3.32
 -3.80
 -6.99
  1.82
 -1.60
  1.12
  6.94
  1.36
  0.12
  0.94
  4.92
  1.24
 -1.83
  1.78
  6.60
  3.83
  0.91
  1.39
  8.04
  6.20
  9.26
 -0.35
 -4.67
 -5.82
 -2.59
 -3.63
 -8.45
  1.23
 -0.64
  3.13
  6.32
  2.84
  5.16
  1.30
  5.40
  1.63
 -0.76
  2.99
  7.55
  1.74
  2.35
  3.43
  9.00
  5.87
  8.03
 -1.94
 -4.96
 -4.81
 -2.82
 -2.50
 -4.84
  2.23
  2.34
  3.28
  5.45
  1.38
  4.91
  0.91
  2.49
 -0.05
 -2.43
  2.23
  4.30
  2.26
  1.13
  2.03
  7.41
  2.94
  6.36
 -1.51
 -7.21
 -1.90
 -3.10
 -1.94
 -5.60
  0.32
  3.22
  1.05
  4.66
  3.75
  4.76
  0.85
  3.92
  0.06
 -3.86
  2.63
  7.10
 -3.28
  1.77
  3.42
  6.72
  5.05
  3.45
  0.93
 -2.99
 -3.42
 -3.64
 -3.52
 -4.94
  1.29
 -0.71
 -0.87
 12.80
  9.86
  5.55
  4.40
  4.34
  7.76
  3.15
  3.02
 -0.21
  4.65
  2.00
  0.89
  5.24
  6.70
  6.52
 -1.99
  2.62
 -1.85
 -0.06
  0.65
  1.90
  5.64
  2.50
  1.84
 13.06
  9.31
  5.03
  4.63
  5.16
  7.87
  4.04
  3.34
  0.40
  5.62
  1.84
 -0.94
  7.21
  9.13
  6.45
 -2.76
  3.38
  0.46
  0.37
  0.71
  3.84
  5.52
  3.40
  1.68
 14.48
  9.00
  7.08
  4.50
  5.56
  5.47
  4.96
  5.93
  2.99
  4.81
  3.11
  1.88
  9.64
  9.07
  8.78
 -0.61
  0.94
  0.55
 -1.05
  0.79
  1.92
  5.70
  5.46
  4.29
 14.15
  9.59
  7.91
  5.36
  6.02
  6.22
  5.73
  5.78
  2.41
  6.38
  2.16
  0.57
 10.73
 10.33
  7.25
 -1.45
  2.75
  3.54
 -0.05
  0.24
  4.32
  5.22
  4.81
  3.16
 17.28
  9.51
  6.05
  5.12
  6.95
  8.89
  6.53
  6.40
  4.19
  7.60
  2.44
  1.34
 11.80
 10.25
 10.00
 -1.71
  2.49
 -0.91
 -0.15
  1.19
  2.77
  6.13
  6.58
  4.79
 14.64
  9.11
  9.04
  4.52
  7.14
  6.45
  7.43
  7.04
  4.52
  7.03
  3.59
  2.27
 13.92
  9.48
  9.67
 -0.20
  2.13
  3.47
  0.38
  1.00
  5.03
  5.91
  7.54
  1.68
 11.33
  7.55
  7.91
  1.55
  3.34
  2.30
  4.09
  6.11
  3.45
  3.78
  3.12
  0.64
  8.90
  7.90
  6.92
  0.62
 -1.41
  2.46
 -0.44
  0.27
  1.21
  4.23
  5.36
  5.13
 10.65
  6.71
  8.67
  5.20
  4.55
  5.04
  6.16
  5.27
  4.94
  5.87
  2.21
 -0.83
 12.95
  8.72
  5.13
 -0.88
  2.45
  5.68
  0.25
 -1.09
  5.34
  3.82
  2.92
  3.07
  6.88
  9.06
  2.97
  4.28
  4.29
  7.44
  2.81
  5.11
  2.38
  1.81
  0.10
 -2.10
  7.21
  6.68
  8.09
 -3.55
  1.37
 -3.26
 -0.95
  1.59
  7.05
  3.51
  3.56
  3.65
  7.97
  8.73
  3.11
  3.41
  3.98
  5.47
  4.64
  7.06
  3.50
  2.40
  0.94
 -0.53
  8.03
  9.31
  7.92
 -3.06
  1.55
 -1.36
 -1.99
  2.67
  5.94
  3.23
  2.90
  6.45
  9.41
  7.29
  6.15
  5.98
  6.28
  6.19
  5.33
  8.00
  4.01
  4.96
  1.75
 -0.77
 11.84
  8.61
  9.85
 -2.11
 -0.19
 -1.55
 -0.50
  1.94
  7.84
  4.66
  5.78
  5.08
  8.98
  8.78
  6.68
  5.60
  5.44
  6.04
  5.24
  7.62
  5.41
  5.34
  2.55
  0.57
 11.60
 10.10
  8.57
 -0.88
  0.19
  0.07
 -1.77
  2.73
  7.54
  4.04
  4.51
  6.41
 10.81
  9.40
  3.83
  5.96
  6.56
  7.28
  7.49
  8.80
  5.48
  6.08
  2.12
 -0.11
 10.38
 10.32
 11.60
 -2.96
  1.44
 -2.11
 -0.74
  2.71
  8.18
  4.94
  5.78
  8.19
  9.44
  8.68
  7.47
  5.37
  6.59
  6.21
  6.62
  9.02
  4.44
  6.81
  3.98
  1.11
 14.32
  9.25
 10.91
  0.64
 -0.34
  0.15
 -0.24
  3.15
  9.44
  5.39
  7.22
  7.11
  7.30
  5.40
  7.55
  4.21
  5.09
  5.97
  2.31
  7.60
  4.99
  4.28
  2.54
 -0.38
 11.60
  7.16
  7.75
  0.09
 -2.32
  0.49
 -0.43
  1.76
  7.58
  3.92
  5.46
  4.55
  6.09
  6.23
  7.49
  4.57
  4.32
  5.25
  3.19
  6.62
  5.75
  2.10
  2.68
  1.38
 13.23
  8.24
  6.74
  1.09
 -1.99
  0.45
 -3.09
  1.63
  6.58
  2.88
  3.14
  0.71
  6.20
 -0.80
  4.26
 -1.71
  3.42
  2.36
  4.91
  1.64
 -0.05
  0.12
 -4.74
  5.22
  0.59
  9.60
  9.18
 -1.93
  2.85
 -7.51
 -1.00
 -1.26
  2.23
  5.76
  0.84
  1.56
  7.38
  0.68
  4.33
 -2.42
  3.98
  1.74
  5.23
  1.97
  4.61
  1.97
 -4.06
  3.07
  0.44
 12.42
  9.37
 -1.16
  3.67
 -5.96
 -0.17
 -0.72
  3.19
  6.41
  4.05
  4.25
  9.29
 -1.06
  8.43
  0.70
  6.71
  1.72
  5.72
  5.86
  6.53
  0.96
 -2.99
  3.86
  2.19
 11.73
 10.77
  0.07
  0.10
 -6.20
 -2.19
 -0.56
  3.48
  7.04
  3.17
  6.70
 10.29
  2.20
  8.89
  0.90
  6.37
  2.38
  5.26
  3.44
  4.29
  0.88
 -2.45
  1.72
  2.89
 13.21
  9.31
 -0.67
  0.29
 -4.81
 -0.76
  0.98
  4.58
  8.16
  4.75
  4.46
 11.35
  0.76
  6.10
 -0.42
  7.22
  4.36
  6.63
  5.72
  8.83
  0.38
 -4.43
  3.47
  3.31
 13.09
 12.00
 -1.30
  2.02
 -6.53
 -1.13
 -1.77
  4.18
  8.19
  4.36
  8.11
 10.80
  1.44
 11.39
  1.13
  7.92
  3.36
  6.13
  6.26
  6.48
  0.96
 -1.67
  3.24
  5.06
 12.48
 11.49
  1.28
  1.00
 -2.94
 -1.23
 -0.41
  6.26
  8.59
  5.72
  5.39
  6.83
 -1.74
  9.77
  0.36
  5.08
  0.60
  3.95
  6.05
  4.65
  0.77
 -1.47
  2.54
  1.78
  9.94
  8.58
  2.52
 -3.33
 -4.31
 -3.13
 -0.38
  4.02
  5.31
  2.14
  8.27
  8.55
  2.54
  9.25
  2.42
  5.30
  1.92
  4.72
  4.47
  6.56
  0.54
 -1.03
 -0.61
  4.99
 11.39
  6.75
  0.13
 -0.87
 -3.39
 -1.18
  1.38
  5.12
  6.73
  4.49
 10.59
 -0.89
  5.55
-10.35
  1.62
  2.68
 -1.60
  3.67
  3.20
  0.33
  2.60
  2.08
 -8.33
  7.18
  4.75
  2.10
 -4.88
 -5.69
 -7.80
 -2.00
 -1.16
  3.13
  4.45
  0.99
 11.71
 -1.10
  4.17
-10.00
  2.23
  2.53
 -4.35
  3.82
  3.78
 -1.78
  2.86
  2.82
 -7.25
  7.28
  6.88
  0.52
 -4.37
 -5.56
 -5.75
 -2.95
 -2.38
  4.58
  3.65
  2.89
 13.65
  4.06
  5.89
 -6.20
  3.48
  5.59
 -1.28
  2.72
  5.75
  4.32
  5.67
  4.52
 -2.98
  7.66
  6.73
  3.51
 -3.25
 -5.59
 -3.00
 -1.78
  1.94
  3.80
  4.69
  5.32
 11.63
  3.75
  6.61
 -3.85
  3.61
  4.55
 -3.68
  4.75
  5.64
  1.99
  4.52
  4.92
 -3.07
  6.25
  8.00
  2.36
 -3.46
 -4.67
 -1.98
 -1.98
  0.17
  5.94
  4.86
  5.50
 14.33
  3.21
  6.12
 -8.15
  3.17
  5.22
 -1.99
  6.43
  5.84
  3.86
  6.67
  4.08
 -3.49
  8.64
  7.76
  3.09
 -5.27
 -5.57
 -5.02
 -1.12
 -0.27
  5.26
  5.28
  5.19
 14.99
  5.18
  6.66
 -1.84
  2.72
  6.34
 -1.57
  4.15
  7.00
  4.13
  6.94
  6.01
  0.14
  7.66
  7.17
  4.05
 -2.50
 -4.05
 -1.20
 -0.55
  2.69
  6.39
  5.63
  6.24
 15.12
  4.16
  4.97
 -2.45
  1.38
  5.02
 -0.74
 -0.73
  7.51
  7.02
  6.56
  4.55
 -2.26
  5.56
  5.74
  3.39
 -0.65
 -7.02
 -0.27
 -1.57
  5.33
  3.60
  3.45
  7.35
  8.79
  3.11
  5.17
 -0.30
  3.70
  3.49
 -3.05
  1.35
  5.73
  2.75
  2.98
  6.81
 -3.42
  5.38
  6.67
  2.62
 -0.92
 -3.20
 -1.17
 -2.98
  0.56
  4.94
  3.84
  5.24
 -1.21
  2.72
  2.36
 -2.33
 -3.09
 -1.25
 -1.91
 -3.65
  0.34
  1.81
 -1.08
  2.00
 -3.00
 -0.73
 -0.65
  6.06
 -3.76
  0.64
 -9.96
 -2.85
 -3.79
-10.95
  4.77
  1.07
  0.11
  4.09
  1.93
 -0.67
 -3.90
 -1.37
 -2.93
 -2.89
  1.79
  1.90
 -1.12
  1.50
 -1.58
  1.50
  1.15
  5.88
 -3.49
  1.21
 -8.20
 -4.06
 -5.20
-10.35
  4.62
  0.41
  0.46
  5.95
  2.34
  1.08
 -1.90
  2.96
 -2.51
 -1.98
  1.06
  3.86
 -0.12
  2.88
 -0.30
  4.36
  0.38
  7.55
 -2.36
 -1.31
 -4.32
 -5.52
 -3.19
-10.44
  5.18
  4.33
  2.37
  6.48
  3.96
  2.43
 -1.72
  3.13
 -1.20
 -1.96
  3.64
  3.96
  0.56
  2.56
  1.01
  5.61
  1.96
  5.59
 -1.65
  0.35
 -6.04
 -5.93
 -5.33
 -9.57
  5.34
  1.52
  1.41
  8.15
  3.78
 -0.90
 -2.27
  2.71
 -0.15
 -1.31
  1.63
  3.61
  1.75
  3.49
  0.05
  5.50
  2.22
  9.27
 -3.92
 -0.00
 -7.78
 -4.31
 -4.43
-11.22
  5.23
  3.49
  2.81
  6.97
  3.88
  3.38
 -2.29
  4.47
  0.41
 -0.25
  2.16
  4.52
  1.51
  3.74
  1.91
  7.79
  1.90
  7.88
 -2.76
  0.25
 -3.82
 -6.30
 -3.70
 -8.86
  5.67
  4.95
  0.51
  4.01
  1.54
  3.03
 -3.74
  1.09
 -2.36
 -2.14
  2.83
  5.25
  0.05
  2.86
 -0.72
  2.51
 -0.53
  5.08
 -1.64
 -4.15
 -2.20
 -6.21
 -1.39
 -8.66
  3.51
  4.23
  3.01
  4.67
  2.59
  4.46
 -1.41
  2.67
 -1.58
 -2.03
  4.36
  4.37
 -0.26
  2.66
  1.98
  6.17
  1.55
  2.23
 -1.10
 -0.29
 -5.52
 -7.11
 -6.10
 -7.45
  4.82
  2.36
 -2.80
  0.22
  2.52
 -4.91
 -3.70
 -2.32
 -2.31
 -6.55
 -1.95
  0.41
 -1.21
 -2.29
 -3.09
  0.79
  2.32
  3.24
 -8.72
 -4.87
 -6.62
 -7.99
 -2.78
 -8.15
  0.27
  0.61
 -2.33
  0.96
  3.01
 -3.96
 -5.01
 -3.08
 -3.88
 -6.51
 -1.83
 -0.21
 -2.33
 -2.45
 -2.43
  0.08
  3.78
  3.00
 -8.97
 -3.38
 -6.23
 -8.69
 -2.82
 -7.15
  0.23
  1.35
 -0.34
  3.62
  1.10
  0.10
 -1.92
  2.39
 -1.59
 -4.19
  2.37
  4.96
  1.10
  0.54
  0.43
  3.72
  3.42
  5.63
 -5.99
 -6.80
 -3.07
 -7.43
 -2.17
 -6.91
  0.64
  3.90
 -1.64
  4.30
  3.17
  1.58
 -1.69
  1.61
 -2.80
 -4.85
  1.40
  4.86
  1.32
  0.01
  1.49
  1.88
  4.30
  3.72
 -7.20
 -3.22
 -3.12
 -8.85
 -1.59
 -7.30
  0.41
  3.22
 -0.64
  3.62
  2.65
 -3.12
 -2.50
  1.96
 -1.18
 -4.20
  1.91
  5.06
  1.30
 -0.64
  0.15
  3.34
  4.91
  6.10
 -8.42
 -5.30
 -5.92
 -7.61
 -2.78
 -8.17
  1.11
  4.16
  0.68
  4.31
  2.95
  3.31
 -2.10
  3.43
 -0.38
 -1.66
  3.90
  6.58
  1.84
  1.79
  2.77
  5.53
  4.37
  6.21
 -5.67
 -6.25
 -2.30
 -7.64
 -1.60
 -5.72
  0.63
  5.95
  0.50
  2.22
  0.37
  2.62
 -2.05
  1.10
 -1.25
 -2.28
  4.71
  4.69
  1.12
  0.99
  0.61
  2.21
  2.35
  3.90
 -3.51
 -8.86
 -0.75
 -6.03
 -1.61
 -5.42
 -0.45
  4.61
 -2.55
  3.06
  2.75
  4.49
 -0.81
  0.91
 -2.08
 -4.19
  0.89
  6.07
 -1.58
  0.90
  2.81
  0.69
  2.40
  1.99
 -4.80
 -3.24
 -2.17
 -8.64
 -1.76
 -5.17
 -0.93
  3.35
