 -0.11
  0.66
  0.73
  6.14
  2.13
  7.90
 -0.71
  5.37
  4.61
 -2.44
  2.91
  5.16
  2.38
  5.75
  8.80
  4.41
  7.97
  6.12
  2.13
  9.32
  2.42
  4.90
  3.80
  1.65
 -1.16
  0.39
  0.14
  7.24
  1.60
  7.56
  0.69
  4.77
  5.00
 -2.35
  3.46
  5.66
  2.83
  8.40
  8.56
  6.26
  7.46
  9.50
  2.46
  7.81
  3.73
  4.97
  6.36
  2.16
  0.91
  1.23
 -1.56
  6.46
  3.93
 11.02
  0.73
  7.96
  4.84
 -0.31
  3.86
  5.42
  4.37
  7.35
  8.86
  5.68
  7.32
  8.33
  2.99
  8.39
  0.75
 10.63
  3.32
  4.45
  0.61
  2.27
 -0.13
  7.19
  3.40
 10.72
  2.05
  7.58
  5.13
  0.10
  5.87
  5.88
  4.06
  9.19
  8.42
  8.13
  6.36
 11.26
  3.79
  6.36
  2.28
 10.46
  5.77
  4.88
  0.59
  1.62
 -1.54
  7.39
  4.54
 11.25
  1.80
  7.81
  4.29
 -1.78
  3.69
  7.36
  6.02
  9.24
 10.34
  8.72
  8.60
 17.25
  3.37
  9.33
  1.11
  9.94
  5.25
  4.98
  1.59
  1.58
 -0.90
  6.68
  4.12
 13.50
  1.72
 10.11
  5.13
  1.49
  4.12
  8.05
  5.77
  9.57
  8.06
  8.94
  7.24
 10.96
  3.73
  6.70
 -0.19
 13.05
  4.12
  6.18
  0.85
  1.53
 -1.31
  5.39
  1.55
 11.56
  2.02
  7.55
  3.61
  1.40
  2.62
  4.41
  3.94
  6.02
  7.09
  4.95
  5.47
  6.99
  2.28
  4.93
 -0.36
 10.82
  1.72
  4.15
  2.70
  1.48
  1.83
  7.22
  3.40
 12.73
  3.38
  7.58
  5.35
  2.53
  6.66
  7.56
  3.29
  8.49
  6.52
  7.66
  4.99
  9.58
  3.58
  3.16
  1.87
 10.72
  5.77
  4.98
 -1.97
 -1.78
  0.21
 -1.40
  1.55
  3.65
 -4.31
  0.74
  3.91
  0.40
  2.40
  3.77
  2.37
  2.07
  7.77
  4.36
  5.88
  5.57
  4.53
  6.37
  1.97
  0.86
  4.43
 -0.33
 -2.78
 -2.08
  0.09
 -0.27
  1.43
  3.78
 -2.72
  0.75
  6.07
  1.27
  1.79
  3.47
  2.81
  2.63
  6.40
  5.82
  5.07
  9.23
  4.58
  5.14
  1.96
  0.90
  6.07
  0.65
 -1.38
  0.20
 -0.12
 -0.22
  4.87
  5.05
 -3.13
  2.48
  6.16
  2.95
  2.04
  2.97
  4.56
  3.41
  9.85
  3.81
  6.70
  7.70
  5.26
  5.64
  2.06
  5.06
  5.20
  2.42
 -1.70
  0.18
  0.57
  1.01
  6.29
  6.37
 -1.70
  2.37
  6.54
  2.85
  2.09
  3.12
  3.20
  2.97
  7.52
  5.88
  4.37
 11.96
  5.49
  4.73
  1.18
  5.54
  5.04
  3.54
 -2.41
 -0.63
 -0.16
  0.25
  5.85
  7.48
 -2.27
  1.84
  3.49
  2.30
  1.79
  3.24
  5.84
  4.10
 10.29
  6.90
  6.37
 17.24
  6.31
  6.24
  1.52
  4.45
  5.69
  3.13
 -0.91
  0.70
  0.34
 -0.15
  6.60
  8.07
 -1.94
  3.80
  5.76
  3.77
  1.07
  3.67
  4.97
  3.52
  8.62
  6.24
  6.56
 11.91
  5.89
  5.22
  1.61
  7.22
  5.80
  5.14
 -0.41
  1.02
  0.02
  0.30
  3.24
  7.22
 -0.50
  3.20
  2.68
  3.21
  0.83
  2.78
  3.99
  2.61
  8.78
  2.67
  5.74
  4.35
  3.00
  4.24
  2.02
  4.83
  4.49
  2.11
  0.05
 -0.11
  1.97
  1.20
  5.51
  7.39
 -1.88
  3.92
  5.79
  2.63
  1.54
  4.34
  2.02
  1.32
  5.39
  5.47
  3.78
  9.70
  5.20
  2.89
  0.33
  5.78
  4.84
  4.47
 -3.58
  0.18
  3.34
  2.85
  1.46
 -0.76
 -1.10
  5.08
  0.45
 -1.15
 -1.00
 -2.36
  1.97
  7.09
  5.83
  2.60
  7.40
  7.32
  1.48
  6.63
 -2.29
  1.06
 -0.63
  0.59
 -3.49
  0.31
  2.35
  3.05
  1.55
 -1.96
  0.56
  4.49
  0.64
  0.13
 -0.33
 -2.11
  2.24
  8.09
  5.50
  4.95
  6.84
  9.48
  2.58
  6.53
 -0.99
  2.09
  2.15
  1.29
 -2.78
  0.09
  0.80
  4.14
  3.64
  1.57
 -2.27
  5.76
 -1.18
  2.23
 -2.09
 -0.22
  3.17
  7.49
  6.27
  2.20
  7.53
  9.30
  1.04
  8.50
 -2.63
  4.84
 -1.11
  2.01
 -1.00
  0.86
  1.14
  4.39
  3.74
  1.30
 -0.12
  5.77
  0.45
  3.91
  0.89
 -0.34
  2.43
  8.48
  5.76
  6.30
  6.66
 12.60
  4.10
  8.37
 -1.21
  6.47
  1.52
  3.34
 -2.38
  0.03
  1.42
  4.36
  3.64
  1.74
 -0.33
  6.48
 -0.01
  1.06
 -0.93
 -0.37
  4.44
  8.75
  7.60
  6.61
  7.94
 18.01
  2.40
  9.71
 -2.12
  4.20
  0.26
  3.18
 -1.07
 -0.47
  0.46
  3.66
  3.12
  3.29
 -1.67
  7.11
  0.28
  4.34
 -1.55
  1.92
  3.44
  8.71
  5.34
  5.90
  7.46
 12.37
  1.89
  8.92
 -1.78
  8.27
 -0.90
  3.86
 -2.33
  0.02
  0.07
  3.75
  1.86
  3.39
 -1.80
  5.06
 -1.04
  3.93
 -3.27
  0.22
  2.43
  5.72
  4.47
  1.03
  6.25
  6.60
 -1.24
  6.84
 -1.45
  4.91
 -2.14
  1.95
  1.48
  0.64
  1.25
  3.18
  4.25
  3.11
  0.05
  5.15
  0.16
  5.46
  1.40
  2.06
  1.51
  8.00
  3.38
  5.32
  5.59
  9.89
  4.21
  5.69
  0.08
  8.03
  1.90
  3.82
 -0.13
  0.30
 -1.05
 -2.51
  1.78
  3.07
 -1.24
  4.49
 -1.24
  0.93
  1.20
 -1.61
  4.50
  1.97
  4.71
  4.51
  5.77
  5.61
  0.35
  4.88
  0.44
 -2.23
  2.04
 -5.06
  0.02
 -0.84
 -1.24
 -1.38
  1.46
  2.20
  0.19
  3.89
  0.02
  1.73
  1.83
 -1.50
  5.02
  3.24
  3.01
  6.63
  3.95
  7.83
 -0.03
  4.12
  0.50
 -1.08
  3.50
 -4.70
 -0.90
  0.43
 -2.13
 -0.97
  4.08
  4.34
 -0.85
  5.29
 -1.30
  1.99
  1.30
 -1.32
  4.65
  2.06
  6.75
  4.37
  6.23
  8.66
 -0.49
  4.59
 -1.22
  1.24
  2.39
 -2.36
 -0.63
 -0.18
 -1.19
  0.20
  4.57
  5.07
  0.70
  4.63
 -0.07
  1.64
  1.84
 -1.80
  3.68
  3.16
  3.69
  7.44
  3.52
  9.01
  0.26
  2.15
 -1.44
  3.05
  3.71
 -1.27
 -0.91
  0.33
 -2.11
 -0.55
  4.56
  5.67
  0.05
  5.03
 -1.77
  1.42
  0.54
 -1.48
  7.01
  3.35
  6.53
  7.85
  5.16
 15.41
  0.97
  5.67
 -1.95
  1.07
  3.25
 -1.72
 -0.56
 -0.60
 -1.90
 -0.79
  4.99
  6.20
  0.31
  5.85
 -1.19
  2.02
  0.98
 -0.50
  4.11
  2.68
  4.72
  7.25
  5.12
  9.99
 -0.36
  2.43
 -3.47
  3.75
  2.59
  0.14
 -1.14
  0.57
 -1.77
 -0.13
  2.42
  6.06
  0.63
  5.94
 -2.03
  2.32
  1.08
 -0.41
  3.04
  1.35
  4.98
  3.43
  4.95
  6.43
 -1.12
  2.42
 -2.36
  1.77
  1.05
 -2.08
  0.54
 -0.73
  0.02
  0.41
  3.46
  6.12
  1.12
  5.25
 -0.23
  0.28
  2.36
  0.34
  1.84
  2.79
  2.06
  6.75
  2.92
  5.83
 -0.83
 -1.23
 -1.22
  4.55
  3.16
 -0.17
 -3.63
 -1.34
 -5.15
  1.78
  4.82
 -1.99
 -1.29
  1.46
  2.89
 -3.77
  0.19
 -2.76
  1.39
  4.83
  6.36
  2.67
  2.35
  4.73
  2.69
  4.11
 -5.94
 -4.09
  1.84
 -5.99
 -4.11
 -0.37
 -5.37
  1.11
  4.45
 -2.39
 -0.62
  1.39
  3.42
 -2.78
  0.74
 -3.36
  1.67
  5.78
  5.33
  4.49
  0.81
  7.02
  2.51
  4.16
 -6.58
 -3.01
  3.12
 -6.08
 -2.21
  0.32
 -6.12
  1.88
  5.82
 -0.50
 -0.89
  1.87
  2.25
  0.09
 -1.93
 -0.16
  1.73
  4.95
  7.35
  3.34
  1.49
  4.82
  2.77
  4.00
 -6.52
 -0.77
 -0.29
 -3.48
 -1.22
  2.06
 -4.06
  2.22
  6.08
  0.80
 -0.39
  1.96
  3.52
  0.76
 -0.23
 -0.17
  1.58
  5.59
  5.03
  6.59
  0.27
  8.63
  3.71
  4.54
 -6.08
 -0.03
  1.36
 -3.08
 -2.53
  0.62
 -6.33
  2.17
  7.61
  0.75
  0.53
  1.93
  1.89
 -1.02
 -1.50
 -0.26
  3.10
  6.26
  7.72
  6.17
  0.99
 14.82
  2.82
  6.26
 -7.67
 -1.21
  1.60
 -4.08
 -0.28
  0.84
 -5.65
  0.89
  5.14
  1.94
 -0.44
  2.91
  2.36
  3.02
 -2.63
  2.22
  2.24
  5.95
  5.31
  6.70
  0.49
  7.79
  2.25
  3.82
 -7.38
  1.16
 -1.41
 -2.65
 -1.18
  1.18
 -5.47
  1.29
  2.49
  1.00
 -0.14
  1.59
 -0.05
  1.76
 -2.97
  0.83
  1.21
  3.82
  5.57
  3.35
  0.39
  2.40
  2.07
  3.13
 -5.74
 -0.08
 -2.07
 -2.41
  2.19
  2.49
 -1.82
  1.82
  5.20
  2.67
 -0.74
  2.45
  2.65
  3.06
  0.01
  2.77
  0.74
  5.03
  3.67
  6.22
  0.09
  5.80
  3.68
  2.47
 -4.69
  1.64
  1.17
 -1.79
 -7.36
 -1.32
 -6.35
 -1.48
  7.49
 -1.45
 -0.46
 -0.81
 -5.38
 -1.22
 -1.34
 -2.90
  1.38
  0.92
  4.91
  2.10
  2.87
  9.81
  0.99
  1.45
 -0.43
 -1.67
 -0.81
 -7.02
 -8.10
 -0.71
 -6.05
 -0.74
  7.13
 -1.89
  0.61
 -1.24
 -5.70
 -1.62
 -2.01
 -3.86
  1.40
  2.26
  4.10
  4.20
  1.50
 11.92
  0.25
  2.12
 -1.53
 -1.75
  1.08
 -6.95
 -3.90
  0.31
 -5.03
 -1.26
  9.19
  1.58
 -0.56
  0.41
 -5.33
  1.39
 -2.01
 -2.21
  1.70
  2.26
  6.85
  2.22
  4.61
 11.46
  1.61
  1.44
 -1.85
  3.07
 -0.13
 -4.69
 -3.01
  1.36
 -3.19
 -0.80
  9.03
  2.60
  0.31
  0.89
 -3.59
  0.21
 -1.30
 -3.25
  1.52
  3.71
  5.27
  5.01
  2.65
 13.42
  1.93
  2.80
 -3.19
  2.37
  1.75
 -4.59
 -3.94
  0.19
 -5.92
  0.00
 11.56
  2.56
 -0.16
  0.13
 -4.46
 -0.87
 -3.79
 -2.43
  2.53
  2.82
  7.52
  4.98
  3.90
 19.98
  1.65
  3.44
 -3.26
  2.01
  0.76
 -5.00
 -0.66
  1.13
 -3.32
 -1.48
  8.96
  4.47
  0.04
  2.06
 -2.84
  1.89
 -3.93
 -0.86
  1.83
  3.87
  6.26
  5.15
  5.01
 12.98
  2.35
  2.51
 -4.17
  4.52
  0.48
 -3.65
 -2.60
  0.14
 -3.35
 -1.29
  6.29
  4.27
  0.42
  1.08
 -3.31
  3.20
 -2.50
 -1.67
  1.43
  2.05
  5.74
  2.34
  4.46
  8.27
  0.56
  0.74
 -2.35
  3.20
 -0.59
 -3.51
 -0.29
  1.25
 -0.77
 -0.85
  6.74
  4.15
  0.00
  1.59
 -3.70
  2.03
 -1.73
 -0.72
  1.40
  3.40
  4.34
  4.83
  2.78
 10.44
  1.41
  1.84
 -3.86
  2.24
  1.97
 -3.29
 -2.88
  0.86
 -0.37
  3.10
  7.04
  0.89
  3.94
  5.85
 -5.31
 -4.90
 -1.29
  1.81
  3.47
  7.72
  7.77
  2.70
  8.00
  7.63
  5.85
  9.84
  3.82
  1.10
  0.39
  0.96
 -3.31
  1.16
 -1.08
  3.59
  6.01
 -0.13
  5.13
  4.35
 -4.80
 -4.04
 -0.39
  1.36
  3.96
  9.86
  7.66
  5.30
  7.57
 10.98
  6.71
  9.08
  4.11
  1.98
  2.30
  1.03
 -2.93
  3.67
 -2.20
  2.91
  8.34
  5.61
  4.26
  5.72
 -4.67
 -0.47
  0.54
  3.51
  5.58
  8.59
  8.59
  4.06
  9.43
 10.97
  5.60
 11.40
  3.89
  7.55
  1.39
  3.88
 -3.02
  3.12
 -1.21
  3.31
  8.08
  4.75
  6.23
  4.56
 -4.69
  0.66
  2.79
  3.44
  4.87
 10.07
  8.87
  8.75
  7.70
 15.82
  7.52
 11.94
  3.30
  8.23
  3.05
  4.17
 -3.36
  3.39
 -1.62
  3.60
  9.65
  5.14
  6.84
  5.38
 -5.26
 -1.86
  1.20
  3.20
  7.03
 10.73
  9.64
  7.90
  9.14
 20.88
  8.09
 12.62
  3.67
  7.05
  1.37
  4.50
 -2.50
  4.38
 -2.11
  2.57
  7.43
  8.52
  5.72
  5.32
 -4.27
  1.97
  2.25
  4.68
  6.29
  9.39
  8.25
  8.82
  8.45
 16.56
  7.44
 11.96
  3.14
 10.23
  1.31
  6.20
 -2.32
  3.82
 -2.45
  1.72
  5.67
  7.15
  4.22
  5.25
 -4.19
  1.41
 -0.41
  2.91
  4.94
  6.79
  7.07
  3.63
  8.18
  7.61
  3.73
  9.12
  4.15
  6.60
  1.14
  4.31
 -0.93
  3.82
 -0.36
  2.26
  7.48
  7.27
  5.61
  4.30
 -5.86
  3.79
  4.28
  6.00
  3.84
  8.16
  6.82
  8.65
  5.64
 13.29
  8.20
 10.53
  2.71
  8.57
  3.54
  5.02
 -1.97
  0.74
 -4.35
  2.11
  4.96
  5.15
  0.11
  2.08
 -1.80
 -0.58
  4.18
 -2.19
  3.66
  3.60
  6.38
 -0.27
  3.47
  5.97
  3.42
  3.96
 -2.35
  1.80
  4.72
 -1.40
 -0.74
 -0.27
 -4.41
  1.47
  3.93
  2.91
  0.72
  2.00
 -1.33
 -0.19
  3.50
 -2.82
  3.76
  4.93
  5.59
  1.89
  3.36
  8.05
  3.30
  2.51
 -2.96
  2.75
  6.46
 -2.07
 -0.29
  2.76
 -4.18
  2.39
  7.13
  6.61
  0.20
  3.98
 -0.81
  3.12
  1.44
 -1.59
  5.86
  5.54
  8.72
  2.34
  6.57
  8.02
  4.07
  3.25
 -2.12
  6.19
  4.91
 -0.32
  0.92
  1.16
 -2.56
  2.31
  7.69
  5.39
  0.43
  4.42
  1.33
  1.99
  3.32
 -1.82
  3.85
  6.06
  6.90
  5.17
  4.35
 10.97
  4.48
  2.54
 -2.33
  6.68
  5.59
 -0.82
 -0.00
  1.57
 -5.40
  2.76
  8.19
  5.97
  1.00
  3.84
 -1.15
  1.25
  2.52
 -1.81
  6.29
  5.84
  8.73
  5.14
  6.19
 16.71
  4.85
  4.18
 -2.93
  4.94
  5.94
  0.17
  1.30
  1.62
 -3.46
  2.29
  7.52
  6.46
  0.81
  5.27
  1.03
  3.99
  1.15
  0.03
  5.59
  6.62
  8.20
  6.61
  7.62
 11.75
  5.03
  2.72
 -3.09
  8.17
  5.06
  1.05
 -0.06
  3.32
 -2.30
  3.16
  5.28
  7.39
  1.37
  3.81
 -1.26
  4.51
  0.63
 -0.17
  5.62
  4.48
  7.43
  2.33
  6.01
  5.37
  2.81
  2.71
 -2.42
  6.22
  3.38
  0.22
  2.75
  0.64
  0.44
  2.59
  6.60
  5.84
  0.32
  4.05
  1.75
  3.58
  3.02
  1.36
  2.64
  5.91
  5.77
  4.67
  4.08
  8.73
  4.38
  1.25
 -2.51
  6.75
  5.13
 -0.59
 -4.15
 -0.79
 -1.91
  1.68
  0.79
 -2.69
 -1.26
  3.10
 -0.51
 -2.03
  0.92
 -1.72
  0.82
  2.76
  7.00
  0.01
  2.74
  3.90
  2.41
  3.58
 -8.31
 -0.32
  1.43
 -2.23
 -4.08
 -0.21
 -3.24
  3.03
  1.39
 -5.01
 -0.29
  3.05
 -0.00
 -0.98
  1.43
 -2.61
  1.35
  4.54
  6.92
  2.01
  2.96
  5.77
  2.29
  2.42
 -7.94
  0.68
  3.70
 -2.46
 -3.43
  0.53
 -4.33
  0.60
  2.57
  0.83
  0.96
  2.83
 -0.12
 -0.48
 -0.44
 -0.20
  2.62
  4.61
  7.85
  1.25
  3.52
  6.12
  2.96
  5.38
 -7.96
  3.33
  1.00
 -0.09
 -1.76
  1.44
 -3.34
  2.43
  4.23
 -0.20
  1.78
  3.46
  0.18
  0.52
  0.90
  0.09
  1.96
  6.56
  7.96
  3.77
  3.22
  8.72
  5.44
  4.16
 -6.59
  4.44
  2.76
 -0.78
 -3.52
  0.44
 -4.80
  2.08
  3.59
 -0.06
  1.94
  4.08
 -1.23
 -1.51
 -0.76
  0.09
  3.81
  5.38
  9.36
  4.02
  3.31
 14.95
  3.63
  5.64
 -8.33
  2.97
  2.76
 -0.14
 -1.56
  0.46
 -4.72
  0.19
  3.34
  2.61
  2.66
  2.76
 -0.20
  0.88
 -1.87
  2.24
  2.81
  6.38
  7.01
  4.04
  4.60
  8.96
  3.85
  5.08
 -7.31
  6.02
  0.68
  0.84
 -1.82
  0.18
 -3.35
 -1.00
  0.40
  2.30
  2.20
  1.56
 -3.55
  0.52
 -2.59
  0.56
  2.28
  3.96
  5.66
  0.90
  2.73
  4.47
  2.41
  4.01
 -6.38
  4.11
 -0.30
  0.45
  0.81
  1.41
 -1.54
  1.89
  4.23
  1.41
  2.17
  2.55
  0.17
  1.06
  1.36
  2.32
  1.15
  7.25
  5.43
  3.75
  3.27
  5.76
  6.43
  1.34
 -5.15
  4.54
  2.02
 -0.69
 -3.32
 -0.55
  0.29
 -1.24
  1.13
 -1.61
 -0.12
  2.08
 -2.66
 -1.00
 -1.40
 -4.69
 -1.05
  0.08
  6.77
  3.83
  0.51
  7.53
  2.22
  1.69
 -2.57
  2.48
  4.23
 -0.26
 -3.40
 -1.34
 -1.34
  0.02
  0.27
 -3.34
  0.57
  1.23
 -2.59
 -1.14
 -1.89
 -5.04
 -1.15
  1.39
  5.99
  5.82
 -0.15
  9.49
  1.53
  0.80
 -3.10
  2.46
  5.04
  0.05
 -4.46
  0.23
 -2.15
 -1.15
  5.33
  1.89
  0.83
  3.61
 -2.81
  0.64
 -2.64
 -3.70
  0.66
  0.55
  7.09
  5.66
  3.24
  9.26
  2.83
  5.39
 -3.21
  5.33
  4.28
  0.59
 -3.79
 -1.11
 -2.28
 -0.67
  4.54
  0.80
  0.72
  3.38
 -2.33
 -0.36
 -1.51
 -4.13
  0.15
  0.63
  5.30
  8.54
  0.58
 11.34
  2.93
  4.06
 -4.60
  5.31
  4.12
  0.95
 -3.42
 -0.76
 -3.32
 -1.10
  4.74
  0.32
  0.49
  3.52
 -2.48
 -1.97
 -3.06
 -4.66
  1.22
  0.79
  8.14
  8.21
  1.94
 17.61
  2.59
  4.32
 -5.17
  4.93
  5.24
  1.08
 -4.53
 -1.13
 -3.02
 -1.81
  6.19
  3.06
  1.45
  4.80
 -2.51
  1.23
 -3.64
 -2.28
  0.96
 -0.11
  5.69
  9.67
  3.33
 12.73
  2.54
  5.37
 -5.52
  6.53
  2.99
  1.26
 -5.82
  0.43
 -1.34
 -1.45
  4.37
  4.44
  2.58
  4.05
 -2.26
  2.54
 -2.13
 -2.30
  0.61
  0.32
  4.78
  5.11
  3.15
  6.08
  1.86
  4.74
 -2.10
  5.21
  3.12
  0.72
 -2.61
 -1.46
 -1.08
 -0.76
  3.63
  2.62
  1.77
  3.11
 -2.06
  0.86
 -1.89
 -0.94
 -0.01
  0.11
  3.21
  8.49
  1.48
  8.47
  1.84
  2.80
 -3.86
  5.18
  2.61
  1.10
 -7.75
 -1.52
 -3.49
  0.94
  5.24
 -2.61
 -2.67
  0.81
 -0.57
 -1.36
 -2.45
 -1.00
  3.14
 -0.66
  7.43
  4.23
  4.70
  7.01
 -0.54
  5.35
 -0.16
 -5.04
 -0.35
 -5.71
 -7.81
 -1.72
 -3.95
  0.70
  4.74
 -4.34
 -1.56
  0.39
 -0.06
  0.05
 -1.58
 -1.36
  3.53
  0.35
  6.99
  6.85
  4.01
  9.65
  0.24
  4.95
  0.01
 -5.19
  2.61
 -5.37
 -4.93
 -1.03
 -4.72
 -0.15
  6.90
 -0.17
 -1.56
  0.63
 -1.26
  0.44
 -2.47
 -0.57
  3.93
 -0.30
  7.70
  5.12
  4.15
  7.18
 -0.29
  7.59
 -2.17
  0.04
 -1.36
 -2.96
 -4.17
 -1.32
 -3.06
  1.58
  6.76
  0.02
 -0.19
  1.02
  0.76
  1.69
 -0.56
 -0.79
  3.48
  0.75
  6.44
  8.75
  2.71
 10.67
  1.63
  7.64
 -1.13
 -0.32
  0.59
 -2.54
 -5.49
 -1.64
 -5.02
  0.89
  7.79
 -0.14
 -0.17
  0.45
 -1.23
 -0.45
 -2.53
 -0.38
  5.54
 -0.23
  9.53
  9.00
  4.15
 17.76
  1.24
  7.92
 -1.66
 -1.06
 -0.31
 -3.06
 -3.27
 -1.98
 -4.26
 -0.12
  6.56
  1.72
 -0.40
  1.40
 -0.25
  1.43
 -2.37
  0.70
  4.26
 -0.12
  6.49
  8.20
  3.65
  9.47
  1.13
  7.61
 -1.80
  3.05
 -1.57
 -1.21
 -3.60
 -1.19
 -3.69
 -1.19
  3.44
  1.93
 -0.72
  1.48
 -1.98
  1.53
 -4.13
 -0.62
  3.06
 -0.38
  5.35
  3.44
  3.04
  4.89
 -1.50
  4.73
 -2.48
  1.13
 -2.05
 -2.21
 -1.84
 -1.29
 -1.03
  1.29
  6.39
  2.64
 -0.10
  1.46
  0.32
  4.08
  0.34
  1.25
  2.38
  0.76
  4.67
  7.98
  2.16
  7.37
  3.17
  5.87
 -0.79
  0.92
  0.51
 -1.25
 -0.72
 -2.59
 -1.65
 -1.85
  5.27
 -0.95
 -5.18
 -0.35
 -4.21
 -0.41
  0.10
 -1.59
 -1.15
 -0.66
  5.94
  6.07
  0.88
  5.83
  4.02
 -0.61
 -6.99
 -0.60
  2.11
 -3.47
 -1.16
 -3.13
 -2.28
 -0.64
  4.58
 -1.83
 -3.16
 -0.13
 -4.04
 -0.23
 -1.09
 -1.89
 -0.89
  1.24
  4.49
  7.42
 -0.38
  7.69
  4.68
 -1.81
 -7.91
  0.88
  3.49
 -3.45
 -0.01
 -2.14
 -2.39
 -1.64
  8.94
  1.18
 -3.42
  0.65
 -2.89
  1.34
  0.28
 -0.15
 -0.03
  0.38
  8.00
  5.23
  2.78
  7.31
  4.52
 -1.62
 -6.58
  4.08
  1.30
 -1.46
  0.10
 -2.61
 -2.45
 -1.81
  8.26
  2.19
 -2.08
  1.38
 -1.77
 -0.23
  0.60
 -0.01
 -0.77
  1.62
  5.23
  7.76
  1.28
  9.60
  4.43
 -1.97
 -8.19
  6.09
  1.20
 -1.65
 -0.27
 -3.00
 -3.03
 -1.63
  9.98
  1.99
 -2.92
  0.52
 -3.14
 -0.30
 -0.29
 -0.26
  0.41
  1.63
  8.11
  7.65
  2.41
 14.17
  4.39
 -0.78
 -9.00
  3.44
  1.67
 -0.98
  0.49
 -2.75
 -2.92
 -3.05
  9.44
  3.37
 -1.83
  1.89
 -1.46
  1.74
  0.05
  1.72
  0.08
  0.75
  7.43
  7.23
  3.37
  9.82
  4.57
 -1.72
 -8.74
  6.53
  0.56
 -0.63
  0.10
 -0.53
 -1.66
 -1.61
  6.78
  3.52
 -1.06
  1.12
 -3.54
  2.85
  0.23
  0.78
  0.53
 -0.23
  7.01
  4.77
  2.46
  5.34
  2.75
 -2.77
 -5.65
  4.23
  0.50
 -2.18
  1.41
 -1.96
 -1.37
 -1.08
  6.89
  2.89
 -1.63
  1.43
 -2.27
  0.80
  0.48
  2.89
 -0.87
  1.33
  4.43
  7.16
  1.58
  7.65
  4.27
 -2.79
 -6.28
  6.48
  0.37
 -1.54
  0.59
  1.51
  0.73
  5.81
  2.56
  8.10
 -0.71
  5.74
  5.41
 -3.46
  3.62
  7.23
  3.02
  6.33
 10.03
  5.28
 10.96
  6.55
  2.13
  9.54
  2.90
  4.05
  5.23
  0.62
 -0.94
  1.36
  0.14
  7.06
  2.27
  7.58
  0.69
  4.86
  5.57
 -3.22
  3.70
  7.82
  3.32
  8.61
  9.76
  7.11
 10.70
  9.90
  2.46
  8.04
  4.18
  4.15
  7.77
  1.27
  2.13
  2.40
 -1.56
  6.32
  3.99
 11.35
  0.73
  8.22
  5.23
 -0.63
  3.91
  7.60
  5.04
  7.61
  9.85
  5.98
  9.18
  8.51
  2.99
  8.89
  1.33
  9.89
  4.50
  3.50
  0.74
  3.11
 -0.13
  6.99
  3.49
 10.25
  2.05
  7.54
  6.91
 -0.04
  5.96
  8.22
  4.53
  9.01
  9.31
  8.52
  7.97
 11.46
  3.79
  6.58
  2.91
  9.66
  7.12
  4.01
  1.40
  2.85
 -1.54
  7.24
  5.10
 11.17
  1.80
  7.79
  5.78
 -2.36
  3.70
  9.72
  6.72
  9.23
 11.48
  9.44
 10.99
 17.44
  3.37
  9.63
  1.84
  8.95
  6.81
  3.93
  2.76
  2.86
 -0.90
  6.66
  4.32
 13.40
  1.72
 10.02
  7.23
  0.92
  4.32
 10.69
  6.35
  9.52
  8.99
  9.11
  8.59
 11.33
  3.73
  6.83
  0.59
 12.20
  5.56
  5.18
  2.05
  2.14
 -1.31
  5.30
  1.26
 12.03
  2.02
  7.93
  5.08
  0.86
  2.59
  6.18
  4.51
  6.64
  7.82
  4.90
  7.27
  7.51
  2.28
  5.28
  0.15
 10.15
  2.58
  3.49
  2.66
  1.56
  1.83
  7.10
  3.16
 12.37
  3.38
  7.42
  7.80
  2.07
  7.07
 10.02
  3.72
  8.86
  7.19
  7.69
  6.01
 10.02
  3.58
  3.33
  2.43
  9.77
  6.99
  4.30
 -2.40
 -1.60
 -0.21
 -1.53
  0.37
  3.94
 -3.94
  1.28
  7.50
  1.04
  2.41
  4.46
  2.30
  2.18
  8.96
  4.83
  9.48
  7.14
  5.33
  6.11
  4.19
  1.13
  4.79
  0.73
 -3.66
 -1.71
 -0.50
  0.04
  0.11
  4.28
 -2.36
  0.75
  9.29
  2.89
  1.81
  4.18
  2.65
  2.55
  7.77
  6.19
  7.41
 11.28
  5.27
  5.11
  4.08
  1.43
  7.06
  1.84
 -0.91
  0.82
 -0.13
 -0.19
  4.31
  5.42
 -2.81
  3.27
 10.14
  3.79
  1.58
  3.87
  4.31
  4.07
 11.17
  4.31
  9.97
  8.70
  4.76
  5.53
  4.29
  5.87
  5.53
  3.24
 -1.56
  0.87
  0.46
  1.83
  5.88
  6.84
 -1.35
  2.35
 10.14
  4.68
  1.93
  3.79
  3.08
  3.91
  8.95
  6.11
  7.70
 12.90
  5.66
  5.17
  3.76
  6.57
  5.65
  4.56
 -1.78
 -0.13
 -0.30
  0.78
  4.63
  7.91
 -1.91
  2.33
  8.07
  3.65
  1.24
  4.15
  5.53
  5.16
 11.64
  7.28
 10.69
 19.80
  7.32
  5.98
  3.94
  5.39
  6.33
  4.18
 -0.09
  1.52
  0.55
  0.45
  6.03
  8.25
 -1.60
  4.30
 10.33
  5.80
  0.82
  4.70
  4.70
  4.45
 10.30
  6.57
 10.90
 13.19
  5.55
  5.26
  4.06
  8.28
  6.03
  5.88
  0.14
  1.58
  0.20
  0.36
  3.32
  7.60
 -0.15
  3.85
  5.36
  4.21
  0.28
  3.68
  3.77
  3.44
  9.99
  3.14
  9.27
  5.15
  0.84
  4.36
  3.72
  5.57
  4.61
  2.75
  0.07
  0.88
  2.04
  1.85
  5.50
  7.57
 -1.54
  3.75
 10.61
  3.90
  1.63
  5.29
  1.99
  2.48
  6.44
  5.61
  6.29
 10.85
  4.68
  3.63
  2.37
  6.30
  5.28
  5.55
 -3.43
  0.48
  3.12
  4.83
  1.06
  0.36
 -1.98
  6.02
  4.27
 -3.06
  0.12
 -1.99
  3.54
  8.75
  7.85
  2.31
 10.22
  8.70
  1.59
  7.19
 -2.70
  2.16
  0.88
  0.92
 -3.18
  1.08
  2.01
  4.75
  0.43
 -0.79
 -0.58
  5.02
  5.10
 -1.44
  1.01
 -2.40
  3.75
  9.98
  7.80
  5.00
  9.54
 10.75
  2.55
  7.12
 -1.76
  3.19
  3.29
  1.59
 -2.64
  1.27
  0.46
  4.88
  2.84
  3.30
 -3.18
  6.20
  2.96
  0.71
 -1.44
  0.13
  4.26
  9.61
  8.04
  3.48
 10.08
 10.97
  1.14
  9.22
 -2.59
  6.55
  0.46
  2.49
 -1.12
  2.62
  0.67
  5.71
  2.70
  2.23
 -1.05
  5.85
  3.69
  2.59
  1.70
 -0.57
  4.13
 10.33
  8.22
  8.07
  9.49
 13.97
  3.29
  8.95
 -1.91
  8.64
  2.34
  3.62
 -2.21
  1.71
  0.98
  6.26
  2.68
  3.15
 -1.37
  6.68
  2.99
 -0.67
  0.70
 -0.54
  6.00
 10.87
 10.16
  7.88
 10.77
 19.71
  2.15
 10.71
 -1.91
  5.94
  1.51
  3.63
 -1.14
  1.90
 -0.05
  4.77
  2.74
  4.62
 -2.62
  7.16
  2.37
  3.29
 -1.02
  1.80
  5.06
 10.74
  7.39
  7.82
 10.33
 13.95
  1.38
  9.89
 -1.08
 11.00
  0.37
  4.32
 -2.21
  0.95
 -0.29
  3.50
  1.42
  5.01
 -2.48
  5.50
 -0.16
  2.95
 -3.35
  0.41
  3.67
  8.17
  6.00
  2.20
  8.83
  8.76
 -0.85
  7.14
 -1.48
  6.54
 -0.73
  2.33
  1.55
  2.69
  0.86
  4.17
  3.54
  4.02
 -0.74
  4.97
  2.54
  4.51
  1.56
  1.91
  3.08
  9.81
  5.27
  7.16
  7.46
 12.14
  3.51
  5.48
 -0.99
 10.08
  2.32
  4.02
 -3.49
 -0.28
 -1.27
 -2.22
  5.02
  6.30
 -1.24
  4.58
  2.48
 -1.16
  2.45
 -2.89
  5.03
  2.10
  7.78
  6.13
  7.85
  6.15
 -3.30
  6.12
  1.36
 -1.13
  4.22
 -4.40
 -3.08
 -0.89
 -1.53
 -0.10
  5.33
  5.50
  0.19
  4.09
  2.60
  0.63
  3.09
 -2.21
  5.87
  3.92
  5.57
  8.04
  6.51
  9.58
 -3.18
  4.89
  1.79
 -0.26
  4.82
 -4.08
 -3.41
  0.09
 -2.04
  0.90
  6.67
  5.22
 -0.85
  5.62
 -0.20
  1.48
  1.45
 -2.56
  5.92
  1.72
  9.49
  5.42
  6.06
 13.60
 -4.32
  5.76
 -0.54
  3.56
  4.29
 -2.04
 -4.06
  0.14
 -1.56
  2.43
  7.81
  5.70
  0.70
  4.91
  2.58
  2.56
  2.25
 -2.53
  4.27
  3.11
  5.53
  7.96
  3.50
 14.11
 -3.59
  2.62
 -1.00
  4.71
  5.06
 -1.07
 -4.65
  0.26
 -2.07
  0.83
  8.11
  7.86
  0.05
  5.21
  4.04
  0.32
  1.33
 -2.55
  7.94
  3.76
  9.35
  9.59
  6.15
 20.91
 -2.91
  7.26
 -1.45
  2.69
  4.60
 -1.27
 -3.55
 -0.38
 -2.06
  1.86
  7.48
  6.23
  0.31
  6.14
  3.60
  2.21
  0.86
 -1.46
  4.81
  2.11
  7.57
  8.27
  5.36
 17.36
 -4.57
  3.63
 -3.90
  5.80
  3.41
  0.21
 -3.24
  0.14
 -1.85
  2.55
  4.06
  6.91
  0.63
  6.24
  6.06
  2.95
  0.74
 -1.28
  4.16
  0.57
  7.52
  3.67
  5.39
 10.76
 -4.34
  4.95
 -2.38
  3.83
  2.34
 -1.69
 -3.19
 -0.08
 -0.34
  3.68
  5.72
  5.52
  1.12
  5.63
  2.06
  2.18
  2.34
  0.10
  2.29
  2.30
  3.50
  6.87
  1.75
 10.38
 -3.44
 -0.09
 -1.63
  5.88
  4.03
 -0.16
 -4.93
 -2.32
 -5.32
  1.61
  5.80
 -2.12
 -2.64
  0.88
  2.18
 -6.25
  0.95
 -2.79
  1.03
  4.75
  6.23
  2.66
  1.51
  5.98
  4.00
  4.11
 -8.51
 -4.10
  2.06
 -6.38
 -5.17
 -1.13
 -5.96
  0.87
  5.38
 -2.38
 -0.14
  0.95
  2.70
 -6.63
  1.45
 -3.37
  1.24
  5.90
  5.26
  4.80
 -1.89
  7.01
  5.04
  4.16
 -9.99
 -3.00
  3.23
 -5.97
 -3.48
 -0.35
 -5.96
  1.63
  6.78
 -0.47
 -1.75
  1.78
  1.76
 -2.16
 -1.88
 -0.49
  1.36
  5.05
  6.91
  3.59
  1.73
  5.94
 -0.38
  4.00
 -8.70
 -1.35
 -0.19
 -4.50
 -1.91
  1.52
 -4.48
  1.91
  7.26
  0.97
 -2.03
  2.23
  2.91
 -3.35
 -0.20
 -0.54
  1.56
  5.75
  4.80
  6.87
 -1.63
  8.49
  0.96
  4.54
 -8.65
 -0.31
  1.56
 -3.82
 -3.60
 -0.04
 -6.39
  1.86
  8.62
  0.90
 -0.40
  1.78
  1.28
 -3.99
 -1.13
 -0.20
  2.87
  6.39
  7.48
  6.42
 -0.23
 15.00
  2.76
  6.26
-10.46
 -1.59
  1.80
 -5.07
 -1.36
  0.35
 -5.69
  0.60
  5.94
  2.17
 -0.95
  3.39
  1.88
 -0.60
 -2.78
  1.83
  2.18
  6.21
  4.70
  6.67
  1.46
  8.07
 -0.95
  3.82
 -8.83
  0.61
 -1.22
 -3.88
 -2.56
  0.71
 -5.27
  1.03
  3.12
  0.94
  0.04
  1.54
 -0.83
  0.01
 -3.33
  0.32
  1.10
  3.87
  4.94
  3.31
  1.29
  4.18
 -2.37
  3.13
 -6.97
 -0.59
 -2.26
 -3.26
  1.74
  2.25
 -2.45
  1.63
  6.00
  2.98
 -1.60
  2.94
  1.84
  0.88
 -0.46
  2.18
  0.86
  5.39
  3.09
  6.30
 -0.09
  5.69
 -0.63
  2.47
 -6.17
  1.51
  1.21
 -2.66
 -7.73
 -1.19
 -7.82
 -0.50
  8.16
 -1.12
  3.93
 -2.12
 -5.38
  3.03
 -1.91
 -2.62
  2.47
  0.26
  4.91
  2.14
  3.69
 10.93
  2.19
  1.45
  0.45
 -0.92
 -1.83
 -7.96
 -7.84
 -0.91
 -7.46
  0.18
  7.65
 -1.49
  3.11
 -2.41
 -5.70
  2.08
 -2.67
 -3.17
  2.78
  1.57
  4.10
  4.49
  1.40
 13.38
  1.41
  2.12
 -0.84
 -0.91
  0.35
 -8.37
 -3.75
  0.43
 -5.60
 -0.22
  9.50
  1.45
  6.90
  1.36
 -5.33
  4.77
 -2.18
 -2.74
  3.03
  1.95
  6.85
  2.67
  5.32
 12.35
  2.14
  1.44
 -1.44
  3.54
 -1.03
 -5.99
 -2.15
  1.56
 -3.50
  0.13
  9.22
  2.61
  3.87
  1.67
 -3.59
  2.63
 -1.71
 -3.37
  2.87
  3.41
  5.27
  5.48
  2.38
 14.66
  2.97
  2.80
 -2.38
  2.88
  1.30
 -6.04
 -3.58
  0.56
 -5.93
  0.98
 12.35
  2.31
  6.17
  1.11
 -4.46
  3.00
 -4.33
 -2.74
  4.13
  2.24
  7.52
  5.36
  4.14
 21.09
  2.50
  3.44
 -2.41
  2.44
 -0.04
 -6.31
  0.00
  1.76
 -2.81
 -0.53
  9.16
  3.88
 10.75
  4.52
 -2.84
  3.97
 -4.19
 -0.80
  3.08
  3.63
  6.26
  5.70
  4.98
 14.03
  3.03
  2.51
 -3.49
  4.75
 -0.10
 -5.21
 -2.23
  0.75
 -3.56
 -0.37
  6.34
  4.06
  8.31
  1.67
 -3.31
  5.34
 -2.49
 -1.81
  2.45
  2.02
  5.74
  3.00
  4.71
  8.56
  0.67
  0.74
 -2.29
  3.75
 -1.20
 -4.64
  0.87
  1.29
 -1.04
 -0.01
  6.45
  4.01
  1.21
  2.50
 -3.70
  3.29
 -1.89
 -0.92
  2.38
  3.41
  4.34
  5.36
  2.73
 11.58
  2.24
  1.84
 -3.11
  3.05
  1.73
 -4.69
 -3.22
  1.05
 -0.35
  3.10
  5.67
  1.76
  3.94
  5.86
 -3.52
 -2.25
 -0.55
 -0.59
  4.54
  8.35
  6.60
  3.90
  8.87
  9.79
  5.95
 11.48
  4.32
  2.47
  2.02
  1.12
 -3.91
  1.72
 -0.89
  3.59
  4.65
  0.58
  5.13
  4.24
 -2.00
 -1.01
  0.01
 -1.01
  5.05
 10.79
  6.34
  6.80
  9.20
 12.80
  6.80
 10.57
  4.80
  3.20
  3.97
  1.13
 -3.09
  3.52
 -2.25
  2.91
  7.11
  7.09
  4.26
  6.21
 -2.92
  1.13
  0.62
  1.92
  6.85
  9.57
  7.19
  4.71
 10.33
 11.73
  5.19
 13.01
  4.55
  8.29
  3.36
  4.16
 -3.58
  3.77
 -1.18
  3.31
  7.20
  5.97
  6.23
  4.70
  0.00
  3.02
  2.92
  1.68
  6.18
 11.07
  6.87
  9.93
  9.09
 15.51
  6.38
 13.22
  3.93
  9.30
  4.80
  4.28
 -3.67
  3.59
 -1.45
  3.60
  8.66
  6.51
  6.84
  5.81
 -2.85
  0.46
  1.22
  1.21
  8.51
 11.71
  7.87
  9.23
 10.39
 22.03
  7.49
 14.17
  4.40
  8.03
  3.44
  4.72
 -2.60
  4.54
 -2.21
  2.57
  6.68
 10.18
  5.72
  5.80
  0.61
  3.72
  2.18
  3.45
  7.62
 10.44
  6.68
  9.73
  9.52
 15.83
  6.95
 13.36
  3.65
 11.03
  3.61
  6.43
 -2.37
  3.23
 -2.54
  1.72
  4.15
  8.97
  4.22
  5.77
 -1.87
  2.58
 -0.75
  1.81
  6.06
  7.83
  5.73
  4.17
  8.79
  7.38
  3.60
 11.10
  4.61
  7.30
  2.87
  4.57
 -1.52
  4.58
 -0.41
  2.26
  7.27
  8.68
  5.61
  4.50
 -0.24
  5.51
  4.30
  5.18
  4.98
  9.40
  5.22
  9.14
  6.11
 12.34
  7.16
 11.74
  3.23
  9.78
  5.68
  5.14
 -3.64
  1.60
 -5.09
  2.22
  2.45
  7.28
  0.11
  1.91
 -0.23
 -3.26
  3.18
 -1.58
  6.33
  7.82
  5.85
  0.20
  4.53
  6.66
  4.55
  3.95
 -6.66
  0.95
  4.23
 -2.27
 -2.54
  0.78
 -4.92
  1.62
  2.27
  4.79
  0.72
  1.81
  1.50
 -2.58
  2.68
 -2.70
  6.44
 10.25
  4.63
  2.33
  4.44
  8.37
  4.34
  2.37
 -6.78
  1.65
  6.16
 -2.67
 -1.71
  4.28
 -4.87
  1.61
  4.94
  8.46
  0.20
  3.99
  1.77
  2.51
  1.89
 -1.18
  7.87
 10.43
  8.66
  2.36
  8.95
  9.77
  5.31
  3.42
 -4.80
  6.10
  4.18
 -1.33
 -0.63
  2.65
 -2.96
  2.08
  5.79
  5.95
  0.43
  4.48
  4.22
  1.51
  2.97
 -1.11
  5.30
 11.65
  6.64
  5.07
  7.00
 11.53
  6.11
  2.38
 -4.31
  6.43
  4.96
 -1.63
 -1.65
  3.47
 -6.13
  2.56
  6.70
  7.38
  1.00
  4.07
  2.01
 -0.60
  2.61
 -0.99
  8.45
 11.54
  8.80
  5.40
  8.55
 16.62
  6.53
  4.20
 -5.07
  4.76
  5.37
 -0.72
 -0.07
  3.87
 -3.72
  0.94
  5.08
  7.01
  0.81
  5.56
  4.52
  4.00
  1.05
  1.14
  6.87
 12.30
  8.76
  6.51
 10.15
 13.83
  7.33
  2.63
 -4.43
  8.47
  4.29
  0.20
 -1.62
  4.46
 -2.74
  1.88
  3.24
  8.74
  1.37
  3.72
  4.19
  5.69
  0.92
  0.28
  7.08
  8.61
  7.17
  2.46
  9.26
  7.38
  3.89
  3.07
 -4.48
  5.79
  2.66
 -0.50
  1.45
  1.99
  0.65
  1.69
  5.01
  5.87
  0.32
  4.16
  5.79
  4.76
  2.71
  2.70
  3.43
 10.55
  5.48
  4.35
  6.19
 10.60
  6.23
  1.34
 -4.02
  6.07
  4.71
 -1.26
 -3.49
  1.03
 -0.72
  1.07
 -1.13
 -4.38
 -1.44
  3.52
 -0.21
 -2.26
 -0.40
  1.06
  2.31
 -3.46
  0.00
  0.23
  0.50
  3.96
  5.46
 -9.97
 -4.52
  0.60
 -0.90
 -3.16
 -3.39
  1.07
 -1.66
  2.45
  0.69
 -6.97
 -0.41
  3.92
  0.57
 -1.28
 -0.12
 -0.26
  2.81
 -0.98
  0.00
  2.03
  1.43
  5.82
  5.52
-11.77
 -3.92
  1.59
  2.26
 -3.49
 -2.97
  2.54
 -3.70
 -0.24
  1.25
 -0.11
  1.00
  3.20
 -0.66
  0.14
 -2.03
  3.64
  3.49
  0.14
  0.00
  0.49
  2.16
  6.15
  5.57
 -9.27
 -4.36
  5.12
 -0.24
 -1.17
 -0.58
  3.23
 -2.51
  2.09
  4.33
 -1.40
  1.97
  4.58
 -0.36
  1.27
 -0.12
  3.18
  2.75
  3.74
  0.00
  3.06
  2.42
  9.51
  8.18
-11.95
 -3.43
  6.23
  2.16
 -2.21
 -2.94
  1.77
 -3.71
  1.35
  2.68
 -1.94
  1.83
  4.90
 -2.19
 -1.42
 -2.38
  3.50
  5.32
  0.49
  0.00
  3.55
  1.88
 14.95
  6.90
 -9.70
 -4.73
  5.03
  0.82
 -1.59
 -0.86
  2.21
 -4.10
 -0.19
  2.47
  1.43
  3.01
  3.51
 -2.05
  1.39
 -2.65
  6.38
  4.13
  5.08
  0.00
  3.17
  3.69
  9.86
  6.37
-11.66
 -3.86
  8.79
  0.07
 -0.07
 -1.85
  3.04
 -3.19
 -2.01
 -0.32
  2.19
  2.50
  1.84
 -5.36
  1.37
 -3.61
  3.27
  2.58
  2.53
  0.00
  0.30
  2.19
  4.38
  3.94
 -9.96
 -3.52
  5.68
 -1.42
 -0.16
  1.83
  3.33
 -1.33
  1.67
  4.51
  1.02
  2.44
  3.54
  1.60
  1.78
  0.63
  5.53
  1.47
  7.89
  0.00
  2.55
  2.87
  5.74
  8.33
-15.39
 -2.65
  5.96
  2.16
 -1.71
 -2.97
 -0.75
  0.94
 -1.58
  0.54
 -0.15
 -0.98
  2.84
  2.08
 -3.59
  1.94
 -5.24
 -2.84
 12.12
  8.86
  5.17
 -0.27
  6.75
  0.47
 -1.60
 -7.26
  2.36
  4.50
  0.94
 -3.24
 -1.53
 -0.76
  0.21
  0.44
 -1.51
 -0.21
  2.07
  5.97
 -2.62
  1.70
 -5.56
 -2.55
 14.75
  6.24
  6.94
  0.98
  9.31
 -0.38
 -2.81
 -6.83
  2.73
  5.32
  1.44
 -5.19
  0.05
 -1.83
 -2.38
  3.75
  3.28
  0.45
  4.37
 -0.16
 -1.21
 -1.43
 -4.61
 -0.95
 12.08
  7.62
  7.71
  2.77
  8.86
  0.61
 -0.38
 -6.53
  6.45
  4.55
  1.96
 -4.53
 -1.55
 -2.30
 -1.83
  4.45
  2.75
  0.41
  3.96
  7.32
 -0.07
  0.09
 -5.02
 -1.40
 11.89
  3.29
 10.20
  1.06
 11.53
  0.84
 -1.15
 -8.46
  6.46
  5.56
  2.62
 -3.78
 -0.60
 -3.50
 -1.54
  3.95
  1.70
 -0.11
  4.44
  4.61
 -3.79
 -2.15
 -5.38
 -0.63
 13.81
  7.76
  9.57
  0.67
 18.83
  0.36
 -0.72
 -9.02
  5.84
  5.50
  2.45
 -5.79
 -2.14
 -3.08
 -2.25
  6.15
  4.44
  1.55
  5.56
  5.31
  0.61
 -4.03
 -3.31
 -1.31
 11.41
  3.13
 11.28
  4.06
 12.35
 -0.79
 -0.18
-10.30
  7.89
  3.51
  2.77
 -7.35
 -0.23
 -0.99
 -2.25
  2.73
  6.62
  2.66
  4.60
  6.39
  2.23
 -2.18
 -3.54
 -0.93
 10.95
  3.63
  6.97
  3.90
  6.09
  0.21
 -0.24
 -4.00
  6.83
  3.57
  2.21
 -3.89
 -2.42
 -1.13
 -1.74
  3.24
  5.07
  1.28
  3.36
 10.85
  0.65
 -0.95
 -1.98
 -1.49
  8.38
  1.78
 11.22
  1.69
  8.62
 -0.51
 -2.15
 -7.04
  6.88
  3.83
  2.84
-10.71
 -1.38
 -2.46
  0.94
  6.72
 -3.58
 -9.84
  3.32
 -0.81
  0.55
 -3.06
 -2.72
  3.35
 -1.45
  7.63
  5.63
  3.35
  7.24
  0.25
  4.61
 -2.44
 -4.02
  0.09
 -5.10
-10.80
 -1.76
 -3.22
  0.70
  5.87
 -5.12
 -9.53
  2.18
 -0.02
  0.67
 -2.34
 -2.98
  3.87
 -0.45
  7.00
  8.46
  2.45
  9.21
 -0.72
  4.11
 -3.04
 -4.38
  3.79
 -4.00
 -7.35
 -1.22
 -3.82
 -0.15
  8.07
 -0.70
 -8.76
  2.15
 -0.95
  3.40
 -2.97
 -2.52
  3.95
 -1.21
  7.79
  6.19
  4.83
  6.58
  2.85
  7.00
 -3.74
  0.81
 -1.54
 -1.74
 -6.49
 -1.65
 -3.06
  1.58
  7.66
 -0.07
 -9.99
  1.43
  1.18
  3.20
 -1.36
 -3.20
  3.64
  0.02
  6.45
 10.05
  3.16
  9.15
  4.21
  7.02
 -3.31
  0.48
  0.03
 -1.80
 -7.91
 -1.51
 -4.57
  0.89
  9.48
 -0.22
-10.41
  1.88
 -1.17
  1.92
 -3.22
 -2.93
  5.88
 -1.27
  9.67
 11.01
  3.64
 16.26
  3.49
  7.33
 -3.99
 -0.73
 -0.33
 -2.15
 -5.44
 -2.26
 -4.36
 -0.12
  7.60
  1.85
-11.77
  2.10
  0.22
  4.60
 -3.17
 -1.71
  4.56
 -0.89
  6.57
  9.62
  4.70
  7.74
  4.23
  7.34
 -3.28
  3.52
 -2.24
 -0.55
 -5.96
 -1.42
 -2.96
 -1.19
  4.25
  1.82
 -7.42
  2.92
 -2.22
  4.28
 -4.21
 -1.85
  3.07
 -1.18
  5.47
  3.19
  4.34
  4.46
  1.00
  4.32
 -2.84
  1.92
 -2.49
 -0.94
 -4.16
 -1.59
 -1.38
  1.29
  6.76
  2.92
 -8.80
  1.31
  0.40
  7.03
 -0.45
  0.09
  2.43
  0.29
  4.65
  8.95
  4.39
  6.18
  5.60
  5.31
 -2.04
  1.83
 -0.45
 -0.84
  0.28
 -3.09
  1.32
 -1.98
  5.23
 -1.60
  0.00
 -0.82
 -3.81
 -2.69
 -0.10
  0.59
 -2.20
 -1.28
  5.35
  6.57
  3.04
  5.10
  3.24
  0.21
 -7.30
 -0.11
  4.07
 -4.65
 -0.38
 -4.24
  0.84
 -0.71
  4.54
 -2.96
  0.00
 -0.74
 -3.96
 -3.49
 -1.35
  1.04
 -1.88
  0.87
  3.97
  8.12
  0.87
  6.74
  2.91
 -1.08
 -8.31
  0.97
  5.26
 -4.28
 -0.57
 -3.24
 -2.63
 -1.43
  8.16
  0.88
  0.00
 -0.14
 -3.40
  0.03
  0.37
  0.57
 -0.70
 -0.01
  7.22
  5.95
  5.23
  6.50
  4.18
 -1.44
 -6.76
  3.84
  2.20
 -2.38
 -0.78
 -4.31
 -2.06
 -1.61
  7.45
  1.82
  0.00
  0.23
 -2.25
 -2.97
  0.54
  0.72
 -1.53
  1.67
  4.68
  8.22
  2.13
  8.17
  4.25
 -1.22
 -8.27
  5.97
  2.04
 -2.16
 -0.81
 -4.08
 -3.41
 -1.42
  9.26
  1.66
  0.00
 -0.39
 -3.10
 -2.21
 -0.37
  0.98
 -0.39
  1.26
  7.43
  8.25
  4.29
 12.76
  2.71
  0.26
 -9.14
  3.37
  2.90
 -2.01
 -0.85
 -4.08
 -4.70
 -2.81
  8.37
  3.36
  0.00
  0.83
 -1.93
 -0.63
  0.27
  1.84
 -0.88
  1.15
  6.51
  7.73
  4.72
  8.16
  3.77
 -1.29
 -8.74
  6.15
  1.16
 -1.32
 -0.85
 -1.58
 -1.68
 -1.40
  6.10
  3.07
  0.00
  0.80
 -3.45
  1.75
  0.43
  0.57
 -0.08
 -0.41
  6.35
  5.23
  4.42
  5.03
  3.15
 -1.91
 -5.62
  3.97
  1.07
 -2.97
 -0.14
 -3.61
 -1.48
 -1.08
  5.94
  2.64
  0.00
  0.37
 -2.85
 -0.37
  0.56
  2.77
 -1.85
  2.08
  4.12
  7.40
  2.18
  6.32
  4.30
 -2.52
 -6.39
  6.65
  0.68
 -1.80
