  9.54
 12.90
  6.01
 16.23
 12.73
 12.66
  8.40
  5.50
 16.58
  5.33
 11.38
  3.42
  4.93
 10.34
 14.80
 22.94
  5.70
  4.06
  6.00
 10.20
  3.80
  4.66
  7.63
 13.42
  9.72
 15.55
  6.38
 18.72
 12.09
 10.08
  6.72
  5.71
 17.30
  6.90
 14.18
  4.51
  6.11
  8.77
 15.59
 22.43
  5.88
  3.54
  7.22
 12.02
  4.26
  8.07
  8.84
 12.75
  9.62
 16.83
  6.53
 15.02
 12.56
 13.70
 10.83
  4.67
 17.44
  6.15
 12.82
  2.66
  6.02
 12.81
 16.75
 27.03
  7.25
  5.01
  6.01
 10.75
  5.09
  4.72
  7.78
 14.90
 13.01
 15.50
  6.31
 21.61
 11.91
 12.23
 10.27
  7.20
 17.19
  7.14
 14.75
  4.66
  6.62
 12.28
 14.98
 25.77
  7.04
  5.53
  6.30
 14.01
  4.31
  6.52
 10.16
 13.84
 10.76
 10.04
  4.74
 16.71
  9.62
  7.75
  6.97
  6.41
 16.48
  6.59
 11.44
  3.94
  5.52
  8.50
 12.48
 20.26
  6.14
  1.29
  4.41
 10.38
  3.02
  4.20
  7.78
 11.76
 10.81
 13.47
  3.82
 20.91
 11.41
  8.02
  7.19
  8.61
 17.21
  7.56
 14.97
  4.76
  5.80
  8.13
 13.49
 19.24
  4.59
  3.48
  6.50
 12.09
  3.30
  6.97
  9.12
 10.08
 13.90
 13.62
  5.14
 20.42
  9.36
  9.02
  7.64
  7.38
 15.80
  5.90
 14.50
  5.26
  7.11
  9.59
 12.50
 22.33
  6.55
  3.34
  5.18
 13.67
  4.45
  5.21
  8.68
 11.56
 13.74
 14.21
  4.28
 21.95
 10.44
  8.86
  7.98
  6.76
 14.72
  4.95
 15.27
  5.82
  5.84
  8.54
 13.21
 21.23
  6.05
  4.06
  6.54
 13.52
  4.14
  5.93
  9.48
 10.21
 11.82
 11.24
  4.07
 15.53
  6.13
  5.58
  4.29
  4.22
  8.64
  4.69
 11.29
  5.27
  4.75
  3.22
  9.40
 14.86
  5.15
  3.82
  3.26
 12.47
  3.81
  0.56
  5.49
  5.84
 10.84
 10.57
  5.59
 14.80
 12.36
  7.14
 11.92
  7.60
 16.82
  5.41
 12.63
  5.05
  4.71
 17.41
 13.14
 14.92
  4.78
  5.66
  4.83
 10.17
  5.33
  2.91
  9.84
 16.95
  8.88
 10.76
  4.65
 18.10
 10.52
  4.70
 11.69
  5.35
 16.79
  6.73
 15.61
  5.25
  5.85
 17.62
 15.12
 14.69
  5.12
  3.40
  5.90
 12.13
  4.83
  5.51
 10.55
 12.86
 10.42
 12.30
  6.72
 15.06
 11.28
  7.80
 15.60
  6.57
 17.25
  5.89
 14.98
  4.78
  5.72
 19.77
 14.67
 17.28
  5.54
  7.13
  5.21
 10.84
  6.97
  2.08
 10.62
 17.32
 11.97
 11.26
  4.76
 20.92
 10.62
  6.79
 12.13
  8.36
 18.03
  6.57
 15.38
  6.03
  6.49
 21.73
 14.31
 16.76
  6.47
  5.99
  8.05
 14.11
  5.66
  3.56
 12.14
 15.01
 10.85
  9.90
  4.31
 14.84
 10.27
  4.45
  8.89
  7.66
 17.17
  9.43
 13.03
  5.65
  5.91
 15.33
 11.41
 13.95
  6.46
  2.18
  4.67
 11.13
  3.87
  3.12
  9.10
 14.48
  8.40
  9.48
  0.54
 18.61
  9.38
  1.32
  9.98
  6.45
 16.54
  5.96
 16.25
  5.52
  6.15
 16.75
 12.91
 12.89
  4.65
  1.82
  5.89
 12.64
  2.76
  4.35
 10.03
  8.17
 12.04
 10.36
  3.46
 20.71
  8.15
  4.99
  8.09
  8.31
 17.24
  8.54
 14.68
  6.52
  7.26
 18.00
 12.28
 15.15
  7.62
  2.92
  6.47
 14.02
  5.43
  3.41
 10.07
 13.85
 10.41
  9.75
  1.44
 21.67
  8.40
  3.83
  8.44
  6.06
 16.42
  8.22
 14.74
  5.99
  6.61
 16.92
 12.51
 13.68
  6.51
  2.06
  7.60
 13.63
  4.53
  3.05
 10.07
 10.59
  9.68
  7.44
  1.56
 18.27
  4.54
  2.99
  2.64
  4.12
 11.19
  6.37
 10.52
  5.86
  5.66
 10.94
  9.60
  9.61
  5.81
  1.55
  5.96
 12.19
  4.13
  0.27
  6.87
  7.25
  6.55
 10.23
  5.04
 10.58
 10.36
 10.15
  6.36
  7.06
  9.86
 11.52
 10.86
  3.81
  6.23
 13.92
 11.02
 15.98
  9.61
 -0.14
  3.23
  8.36
  5.14
  3.84
  9.11
 12.29
  8.13
 11.02
  2.57
 13.81
  9.74
  8.97
  5.52
  8.47
 10.02
 12.68
 14.75
  3.99
  5.39
 13.32
 12.98
 15.40
  7.37
  1.54
  5.32
 10.78
  4.19
  5.23
  9.99
  7.31
  7.58
 12.70
  4.96
 11.28
 10.21
 11.79
  9.76
  8.29
 10.45
 13.22
 12.99
  4.48
  7.20
 18.61
 14.04
 19.05
 10.66
  0.68
  2.47
  9.99
  5.70
  4.16
 10.38
 11.83
  9.90
 12.79
  2.91
 15.80
 10.33
 10.18
  8.42
  9.91
  9.75
 12.96
 14.46
  5.12
  5.27
 14.78
 11.08
 16.52
  9.80
  2.35
  3.86
 11.40
  5.21
  3.84
 11.82
 10.48
  8.46
  8.54
  4.38
  9.95
  8.08
  5.75
  4.88
  7.48
  9.30
 12.04
 10.87
  4.32
  6.57
 11.55
  7.96
 13.35
  9.94
 -1.11
  1.11
  7.72
  4.52
  1.90
  8.98
 12.02
  8.21
  9.87
 -0.25
 15.44
  9.72
  6.46
  5.67
  8.28
  9.21
 11.87
 14.01
  4.38
  3.55
 11.16
  9.98
 12.41
  6.11
  2.35
  5.10
  9.97
  2.78
  3.81
  9.56
  5.67
 10.35
 11.89
  2.94
 14.79
  8.44
  7.50
  4.79
  9.21
  8.85
 11.24
 14.00
  5.57
  6.96
 10.97
  8.86
 12.92
 10.33
  0.58
  3.27
 10.70
  5.45
  1.77
 10.05
 10.98
  9.50
 11.40
  0.93
 17.17
  9.61
  7.89
  5.60
  7.57
  8.67
 10.44
 15.22
  5.10
  3.87
  9.26
 11.35
 11.67
  8.48
  1.93
  4.42
 11.00
  4.53
  2.42
 10.22
  8.14
  8.45
  9.72
  1.89
 13.38
  6.46
  3.82
  1.62
  5.25
  4.83
  8.09
 11.34
  5.64
  3.66
  2.21
  7.05
  5.66
  7.07
  1.72
  3.56
  8.80
  4.23
 -1.28
  5.91
  5.18
 10.70
 11.93
  6.86
  8.11
 12.93
  8.06
  4.57
  4.72
 11.63
  7.10
 10.57
  5.33
  4.14
 15.34
 13.77
 18.57
  5.11
 -0.75
  2.57
  6.48
  2.22
  4.83
  5.50
  9.36
 10.74
 12.53
  4.63
 11.65
 12.06
  6.65
  2.76
  4.23
 11.22
  7.66
 11.47
  4.24
  4.94
 14.25
 15.35
 16.92
  4.22
 -1.29
  2.74
  7.07
  0.93
  5.70
  6.83
  4.64
 11.35
 13.59
  8.05
  8.12
 12.99
  9.47
  6.72
  5.28
 11.97
  7.27
  9.83
  5.14
  4.49
 18.74
 16.32
 21.96
  5.18
  0.27
  0.46
  7.11
  3.17
  3.57
  5.40
  8.86
 13.37
 13.14
  4.87
 12.99
 11.90
  8.01
  5.30
  6.71
 11.93
  7.20
 12.98
  5.59
  5.63
 15.96
 13.50
 18.96
  7.12
 -0.44
  3.34
  8.26
  2.06
  4.31
  9.05
  7.43
 11.51
 10.55
  4.58
  8.59
 10.34
  4.61
  3.08
  6.19
 10.88
  8.87
 11.96
  5.46
  4.33
 12.40
 10.91
 16.01
  6.38
 -3.14
  2.85
  7.01
  1.16
  4.35
  6.56
  9.19
 10.12
 10.89
 -0.63
 13.71
 11.19
  3.47
  1.52
  4.26
 10.24
  7.38
 12.71
  4.28
  4.35
 11.12
 11.62
 13.01
  3.46
 -1.21
  3.88
  7.20
 -1.42
  3.87
  7.16
  2.59
 13.88
 12.25
  2.64
 12.02
  9.15
  5.63
  2.52
  7.66
 12.53
  8.82
 14.55
  5.88
  6.10
 12.05
 10.93
 16.52
  8.59
 -1.86
  3.95
  9.53
  1.94
  3.84
  8.42
  8.73
 12.34
 11.49
  0.30
 13.77
  9.88
  4.28
  2.17
  5.30
 11.75
  7.54
 13.28
  5.08
  5.80
 10.64
 10.81
 14.39
  7.98
 -1.96
  4.79
  8.47
  0.75
  2.19
  9.07
  5.25
 11.32
  9.16
 -0.38
 11.17
  4.75
  1.63
 -0.14
  3.41
  9.37
  6.70
 11.43
  4.51
  4.97
  3.64
  8.95
 10.22
  7.84
 -0.48
  4.21
  8.12
  1.61
 -0.83
  7.22
  3.81
  4.63
 10.36
  0.20
 11.00
  5.17
  7.97
  4.06
  0.53
 12.43
  8.95
  8.70
  3.80
  2.52
  6.18
 10.51
 10.00
  8.11
 -3.55
 -1.26
  3.51
 -1.33
  1.17
  4.42
  7.58
  6.11
 10.88
 -0.82
 14.48
  4.79
  8.04
  3.67
  1.16
 14.11
  8.19
  8.83
  5.71
  3.85
  9.61
 11.41
 10.15
  6.58
  0.13
  1.18
  3.08
 -1.14
  4.23
  4.52
  4.81
  5.37
 13.44
  1.08
 12.48
  4.66
 10.16
  8.02
  0.46
 14.21
 11.22
  9.57
  5.92
  2.82
 11.40
 11.32
 12.79
  9.88
  0.66
 -0.42
  2.34
 -0.34
  0.15
  4.99
  8.12
  8.57
 11.84
 -1.39
 16.54
  4.32
  8.94
  6.29
  3.19
 14.66
  9.10
 10.54
  6.99
  3.43
  8.66
 10.50
 10.82
  7.49
 -0.62
  0.37
  4.86
 -1.20
  1.46
  6.36
  6.69
  6.81
  8.02
 -2.42
 10.05
  3.99
  4.47
  2.78
  2.19
 10.22
  8.93
  7.91
  4.59
  2.32
  4.74
  8.01
  8.64
  6.91
 -4.83
 -1.91
  3.45
 -1.25
  0.64
  4.84
  5.89
  6.66
  8.07
 -3.49
 16.24
  4.48
  5.41
  1.56
  1.35
 12.91
  7.67
  8.92
  5.83
  4.56
  8.60
  9.29
  6.73
  4.62
 -0.69
  2.57
  3.88
 -2.85
  3.99
  4.10
  3.81
  9.23
 10.19
 -3.65
 14.84
  2.08
  6.87
  2.44
  3.66
 12.74
  8.64
  9.55
  5.87
  3.63
  5.59
  8.01
  8.17
  6.38
 -3.98
  0.09
  5.17
 -1.08
 -0.21
  5.02
  5.71
  8.96
  9.93
 -4.18
 17.27
  2.61
  7.49
  2.00
  1.32
 12.25
  8.84
  9.39
  5.64
  4.11
  5.81
  7.65
  6.99
  4.98
 -2.64
  0.87
  5.33
 -2.03
  1.05
  4.83
  4.50
  8.48
  6.93
 -3.44
 13.74
  0.31
  3.61
 -1.10
  0.70
  7.08
  6.17
  6.89
  4.43
  3.18
 -1.80
  5.80
  2.04
  3.53
 -3.72
  1.42
  5.02
  0.05
 -3.87
  1.96
  2.62
  2.95
 11.60
  2.38
 12.23
  7.81
  4.56
  5.41
  2.07
  9.34
 12.44
  6.95
  4.76
  4.63
 13.83
 10.93
 13.02
  2.48
 -3.19
  0.33
 -0.78
  1.84
 -1.81
  1.30
  4.55
  3.59
 10.43
 -0.08
 14.61
  6.70
  6.13
  4.11
 -1.57
 10.73
 11.39
  7.92
  4.85
  5.62
 16.48
 12.22
 12.29
  3.61
 -1.24
  1.03
  0.48
  0.23
 -0.60
  3.32
 -0.13
  2.40
 14.72
  2.05
 11.71
  7.26
  7.70
  8.46
  0.88
 10.39
 14.79
  9.61
  5.31
  5.46
 19.87
 12.57
 16.23
  3.75
 -0.85
 -1.85
 -1.19
  2.51
 -2.95
  1.87
  3.99
  5.74
 11.96
 -0.28
 16.54
  6.10
  6.17
  6.52
  3.06
 10.51
 14.53
  8.22
  7.15
  5.90
 16.44
 11.23
 13.38
  3.00
 -1.08
  1.22
  1.05
  1.18
 -1.67
  4.61
  2.54
  6.62
  9.04
  1.42
 12.04
  6.51
  2.00
  4.24
  2.80
  8.13
 11.89
  7.42
  5.11
  4.46
 10.41
  8.18
 11.02
  2.78
 -5.29
  0.16
  0.63
  1.35
 -1.76
  2.14
  4.47
  4.13
  7.47
 -2.39
 15.83
  5.40
  2.60
  2.68
 -1.98
  8.99
 10.99
  5.63
  4.09
  5.74
 13.39
 10.45
  7.93
  3.80
 -2.68
  3.26
  1.42
 -2.71
 -0.95
  3.36
 -1.30
  7.92
 10.13
 -1.11
 14.84
  4.54
  3.59
  2.85
  4.60
  8.54
 13.19
  7.78
  5.75
  6.55
 11.47
  8.32
 10.98
  3.10
 -3.59
  2.20
  1.50
  1.86
 -3.06
  3.48
  4.21
  5.87
  8.88
 -2.84
 16.51
  4.62
  3.59
  1.89
  0.72
  8.51
 11.47
  6.72
  4.74
  5.92
 11.36
  9.63
  8.73
  3.08
 -3.75
  3.73
  1.80
 -0.21
 -3.04
  4.27
  1.01
  7.01
  6.51
 -2.25
 13.27
  1.41
  1.85
 -0.78
  1.91
  3.69
  7.96
  4.89
  3.83
  5.35
  3.09
  6.38
  4.74
  2.31
 -2.84
  3.42
  0.95
  1.53
 -6.39
  2.87
  0.82
  6.19
 13.99
  6.70
 16.83
  9.38
  7.06
  4.83
  6.65
 13.26
  7.77
 14.09
  4.20
  4.35
 16.56
 15.99
 14.93
  4.52
  1.94
  3.62
  8.77
  2.39
  6.82
  7.81
 11.20
  6.73
 15.36
  5.27
 18.77
  8.26
  7.17
  3.69
  6.22
 13.67
  7.39
 15.35
  3.95
  4.31
 17.30
 16.60
 13.86
  4.16
  1.45
  6.16
 10.68
  2.66
  9.99
  6.55
  9.68
  6.16
 17.26
  6.11
 16.75
  9.08
  9.61
  8.85
  6.30
 13.35
  9.65
 15.79
  4.16
  4.45
 20.25
 17.73
 16.83
  5.94
  2.74
  1.86
 10.34
  4.64
  6.42
  7.78
 12.58
  9.21
 14.84
  4.95
 20.84
  8.11
  7.38
  6.53
  8.51
 13.98
  8.49
 16.24
  4.92
  5.13
 20.54
 15.83
 15.75
  5.50
  3.04
  5.33
 11.50
  2.88
  8.80
  8.69
 11.66
  7.33
 11.36
  5.21
 16.03
  6.29
  3.49
  1.58
  6.21
 11.97
  8.41
 12.66
  4.23
  4.97
 14.08
 12.97
 13.38
  4.74
 -0.45
  4.95
  8.47
  0.03
  5.93
  7.23
  9.47
  7.80
 12.75
  2.44
 19.65
  7.36
  5.36
  4.85
  7.44
 14.18
  7.98
 15.79
  4.14
  3.24
 18.40
 13.62
 11.85
  2.74
  1.87
  7.65
 10.55
  1.11
  8.65
  5.59
  6.80
  9.48
 12.38
  3.76
 19.44
  5.45
  4.23
  2.72
  7.49
 12.02
  6.68
 16.06
  4.73
  5.50
 16.59
 13.13
 13.55
  4.87
  1.44
  5.97
 10.45
  1.85
  7.19
  6.56
  9.98
  9.65
 12.41
  2.87
 21.02
  6.40
  4.99
  3.87
  7.06
 12.13
  5.34
 16.57
  4.66
  4.66
 17.53
 12.65
 12.70
  3.32
  2.17
  6.83
 10.77
  2.27
  7.35
  5.95
  9.01
  8.89
  7.95
  2.25
 15.30
  3.06
  2.43
  1.32
  4.69
  8.16
  5.36
 10.97
  3.87
  4.54
 11.39
 10.38
  8.30
  2.71
  1.60
  5.28
  8.67
  2.69
  2.06
  2.29
  5.29
  8.45
  9.42
  7.42
 14.48
 14.22
  6.11
  6.00
  5.52
 15.00
  8.75
 12.66
  6.53
  2.80
 17.97
 14.29
 22.23
  2.74
  4.16
  0.99
  8.85
  2.55
  6.92
  7.98
 11.22
  8.21
 11.60
  5.13
 16.48
 12.52
  4.80
  4.62
  4.52
 13.93
  9.73
 15.62
  7.26
  5.14
 17.80
 15.47
 21.34
  3.31
  2.61
  3.96
 10.09
  3.09
  9.81
  8.84
  6.94
  8.89
 13.64
  7.68
 12.27
 14.10
  7.01
  8.86
  5.67
 14.56
 10.39
 13.82
  6.88
  4.22
 19.07
 16.75
 27.10
  3.87
  4.95
  1.81
  9.13
  4.65
  6.41
  8.41
 11.18
 11.31
 11.40
  6.01
 18.54
 12.81
  6.21
  6.60
  6.99
 15.45
 10.71
 15.30
  8.18
  4.75
 21.55
 14.19
 24.22
  3.92
  5.43
  3.44
 11.12
  2.96
  8.76
 11.08
  9.59
 10.83
  7.10
  5.98
 15.10
 11.20
  2.99
  4.20
  5.36
 13.36
 11.29
 11.79
  6.77
  3.47
 15.61
 11.43
 18.71
  3.32
  2.40
  1.77
  9.01
  0.96
  7.24
  8.36
  9.52
  8.38
  8.91
  0.92
 18.59
 10.08
  2.13
  4.66
  3.43
 12.88
 10.59
 13.89
  7.09
  5.20
 17.76
 11.87
 17.31
  2.87
  2.01
  4.75
  9.50
  1.17
  8.64
  9.01
  3.36
 12.60
  9.00
  4.88
 17.80
 11.02
  4.52
  2.92
  6.72
 13.63
 11.96
 14.40
  7.61
  4.56
 18.07
 11.56
 19.93
  4.68
  3.20
  3.39
 11.06
  2.38
  7.68
 10.29
  9.50
 10.95
  9.00
  2.46
 19.24
 10.75
  3.99
  4.20
  3.78
 12.05
 11.71
 14.05
  7.31
  4.82
 17.88
 10.76
 18.32
  4.60
  2.03
  5.05
 10.43
  1.72
  6.91
 10.57
  5.93
  9.58
  6.42
  1.88
 14.43
  7.74
  0.51
  0.56
  2.65
  5.89
  9.18
  9.51
  6.23
  3.57
 10.81
  7.91
 12.18
  3.58
  1.78
  3.57
  9.59
  1.99
  3.44
  7.61
  4.16
  5.84
 10.59
 -1.34
 11.29
  7.38
  6.84
  2.46
  3.32
 13.92
 11.04
  9.24
  0.07
  5.59
 11.18
 13.98
 19.68
  6.12
  2.14
  1.99
  4.98
  0.40
  2.49
  5.82
 10.35
  6.92
 12.29
 -0.52
 13.22
  6.38
  4.95
  2.30
  3.36
 11.24
  9.94
 10.74
  0.59
  4.68
 11.73
 15.67
 18.17
  4.62
  0.92
  3.50
  5.72
  0.05
  6.13
  5.98
  7.76
  5.85
 14.32
 -0.16
  9.72
  6.89
  7.37
  6.24
  3.01
 12.57
 13.31
 10.91
 -1.11
  7.05
 16.23
 16.42
 23.37
  5.21
  3.44
  3.25
  5.84
  1.98
  2.38
  6.71
 11.33
  9.14
 12.42
 -1.40
 15.54
  6.65
  6.08
  4.88
  5.11
 13.16
 11.65
 11.09
  1.62
  4.37
 12.24
 13.87
 20.05
  6.94
  3.51
  4.35
  6.68
  0.40
  3.78
  7.70
  8.83
  8.11
  8.05
 -1.83
 12.31
  5.82
  2.71
  0.86
  3.86
 11.53
  9.29
  8.42
  1.29
  5.17
  7.70
 10.65
 16.32
  6.76
 -0.37
  1.22
  4.91
 -0.44
  2.79
  5.79
  8.07
  7.47
 10.01
 -2.03
 15.43
  6.20
  3.03
  3.18
  4.34
 10.72
 10.50
  9.26
  1.17
  2.75
  9.63
 12.76
 13.62
  4.34
 -0.01
  3.88
  5.33
 -2.12
  5.97
  5.71
  5.29
 10.09
 10.16
 -1.93
 14.77
  4.71
  3.54
  1.24
  4.88
 11.58
  8.18
 10.79
  1.34
  4.53
  7.78
 10.91
 16.83
  6.96
  0.85
  2.55
  6.20
  0.46
  2.86
  5.50
  7.70
  9.67
 11.20
 -2.03
 16.22
  5.35
  4.14
  3.07
  3.74
 11.24
 12.05
 10.74
  0.65
  1.44
  6.95
 11.35
 15.14
  6.28
  0.08
  3.64
  6.00
 -0.66
  3.77
  6.29
  6.18
  9.05
  8.15
 -0.83
 12.73
  2.03
  2.66
 -0.51
  3.10
  7.29
  5.69
  6.16
  1.10
  1.79
 -0.89
  8.85
  8.48
  5.55
  0.52
  1.68
  3.36
  1.07
  0.49
  1.38
  3.30
  4.92
  7.66
  5.32
 11.10
  6.69
  3.29
  4.07
 -0.48
 10.33
 13.07
  9.87
  4.02
  0.06
 15.02
 15.27
 15.00
  2.27
 -0.87
  2.10
  6.02
  4.37
  3.54
  8.18
 10.31
  5.98
  7.48
  3.55
 13.39
  6.18
  2.26
  3.87
 -0.29
 10.27
 10.13
 10.91
  4.73
  1.83
 13.86
 15.81
 14.95
  2.04
  1.08
  4.86
  5.31
  4.55
  4.25
  9.57
  7.23
  5.09
  8.32
  6.73
 10.97
  6.83
  3.92
  7.09
 -1.41
 11.43
 13.59
 11.68
  4.49
  1.30
 19.90
 16.71
 19.16
  1.93
  1.99
  2.14
  6.84
  5.67
  0.89
  8.98
 11.04
  7.51
  9.22
  3.82
 14.16
  5.35
  3.65
  5.03
  1.21
 10.58
 11.77
 11.89
  6.47
  1.63
 13.92
 15.32
 15.16
  3.66
  1.16
  3.82
  7.73
  4.32
  2.22
 11.57
  8.94
  8.48
  7.57
  3.33
 11.11
  4.57
  1.33
  3.06
  1.61
  8.69
 15.64
 10.11
  4.40
  0.90
 10.17
 12.68
 11.78
  4.31
 -4.04
  2.38
  5.13
  3.59
  2.27
  7.93
 10.36
  5.70
  6.21
  0.13
 14.37
  6.10
 -0.26
  3.20
 -0.88
  8.06
  9.08
 10.55
  4.74
  1.33
 10.81
 12.33
 11.10
  3.25
 -0.86
  5.28
  4.21
  2.59
  2.65
  9.20
  4.81
  9.41
  8.79
  2.00
 12.53
  3.27
  2.08
  2.42
  2.65
  9.04
 14.72
 12.12
  5.94
  1.24
  9.15
 12.84
 11.45
  5.24
 -1.59
  4.32
  7.96
  4.41
  1.59
  9.47
  9.49
  7.31
  7.86
  0.49
 13.47
  4.23
  1.07
  2.91
 -0.80
  7.62
  8.86
 12.17
  5.63
  1.15
  8.37
 12.33
 10.18
  4.35
 -1.52
  5.20
  6.94
  3.50
  1.69
 10.26
  6.74
  7.51
  6.41
  0.01
 10.20
  1.36
  0.68
 -0.47
  0.24
  3.58
  9.28
  8.45
  5.92
  1.61
 -0.65
  9.00
  4.56
  3.85
 -1.94
  3.63
  6.47
  3.46
 -0.78
  6.85
  4.45
  4.78
 11.01
  3.92
  9.15
  2.69
  6.00
 -0.02
  0.40
  7.80
 13.21
  8.95
  7.66
  3.37
 11.55
  7.68
 11.08
  5.63
 -3.31
 -1.08
  5.80
 -1.11
 -2.84
  6.06
 11.50
  6.12
 11.27
  2.49
 11.93
  2.56
  5.98
  2.05
 -0.66
 10.33
 12.23
 10.59
  7.65
  4.29
 13.02
  8.58
 11.12
  5.93
  0.36
  0.84
  6.69
 -2.74
 -0.03
  6.46
  7.68
  5.14
 14.35
  5.24
  8.02
  1.98
  8.03
  5.02
 -0.93
  9.45
 15.31
 10.35
  9.49
  4.20
 16.88
  9.41
 14.68
  6.27
 -0.57
 -1.22
  7.02
 -0.03
 -4.24
  5.93
 11.58
  7.64
 12.52
  2.93
 13.19
  2.20
  5.84
  3.56
  2.14
  8.64
 13.84
 11.32
  8.65
  3.97
 13.54
  8.40
 13.01
  6.31
 -0.94
  1.22
  7.23
 -0.94
 -2.46
  7.48
  9.42
  7.07
  8.34
  0.87
  9.62
  1.25
  1.81
 -0.60
  2.10
  6.32
 12.24
 10.52
  7.08
  3.44
  8.94
  5.02
  8.73
  5.90
 -6.53
 -1.43
  5.44
 -0.74
 -2.37
  5.96
  8.90
  6.60
  9.06
  0.17
 14.97
  2.52
  3.37
  1.27
 -0.17
  8.45
 11.05
 11.44
  6.30
  4.45
  9.91
  7.13
  7.01
  3.95
 -1.30
  2.29
  5.47
 -4.93
  1.07
  5.94
  6.39
  7.98
 10.26
  0.36
 12.43
  0.84
  3.37
  0.07
  3.42
  5.27
 12.45
 12.47
  7.24
  4.50
  8.92
  6.10
  9.68
  6.15
 -3.68
  1.91
  7.31
  0.59
 -3.11
  6.57
  8.13
  7.68
 10.43
  0.44
 14.62
  1.91
  3.27
  1.30
  1.23
  5.82
 11.31
 11.74
  6.43
  4.25
  7.74
  7.02
  8.28
  5.07
 -2.38
  2.95
  6.88
 -1.16
 -1.55
  6.90
  6.46
  6.52
  7.74
 -0.10
 11.36
  0.41
  2.00
 -1.05
  2.97
  2.41
  8.17
  9.78
  4.94
  3.35
 -1.27
  5.82
  3.52
  3.94
 -2.83
  2.96
  5.07
  1.14
 -5.71
  3.10
  3.29
  3.40
 11.54
  0.01
  8.56
  2.44
  5.58
  3.17
 -0.74
  8.32
  9.87
  9.15
  9.54
  2.37
  8.99
 10.76
 15.11
  1.51
 -4.36
  0.80
  3.49
  2.69
  0.99
  2.29
  7.64
  3.84
 12.65
 -0.79
 10.82
  2.44
  5.27
  3.18
 -3.24
  7.90
  8.76
  9.54
  9.79
  4.94
 10.10
 12.01
 13.31
  3.03
  0.40
  2.58
  3.25
  1.58
  2.83
  3.86
  5.28
  3.54
 14.27
  1.66
  7.35
  2.47
  7.04
  6.17
 -2.79
  8.07
 11.27
  9.19
 10.92
  3.72
 13.92
 12.79
 17.53
  2.37
 -0.63
 -1.29
  4.08
  3.33
  0.83
  2.98
  8.64
  5.79
 12.53
 -0.89
 12.75
  1.61
  5.51
  4.52
  0.86
  9.31
 11.32
 10.91
 11.92
  3.70
 11.79
 10.94
 15.81
  3.71
 -1.54
  3.29
  4.64
  1.68
  1.33
  5.78
  7.68
  6.10
  8.42
 -1.93
  9.33
  1.69
  3.00
  1.96
  1.58
  8.36
  9.26
  9.12
  9.07
  1.55
  6.21
  7.89
 12.90
  3.05
 -6.95
  2.54
  3.75
  1.67
  0.18
  3.18
  7.49
  2.93
 10.03
 -3.03
 13.58
  2.40
  2.58
  0.92
 -4.00
  7.30
  9.21
  9.28
  8.41
  5.36
  5.60
  9.04
  9.17
  3.70
 -1.70
  4.08
  2.83
 -1.18
  2.57
  3.60
  3.80
  6.72
  9.61
 -2.29
 11.86
  0.28
  3.40
  0.89
  2.61
  8.53
  9.96
 11.40
 10.36
  3.54
  5.86
  7.95
 12.87
  3.54
 -4.56
  4.16
  4.17
  1.15
 -0.76
  4.68
  8.74
  4.55
 10.06
 -2.43
 13.36
  0.58
  3.01
  0.47
 -1.72
  7.82
  6.92
 11.08
  9.02
  4.21
  4.17
  7.70
 10.66
  3.66
 -3.49
  5.26
  3.33
 -0.67
  0.00
  5.08
  6.24
  5.29
  6.93
 -1.34
  9.88
 -1.24
  1.44
 -1.08
  0.35
  5.11
  7.11
  7.45
  8.27
  3.21
 -3.79
  5.26
  4.99
  3.22
 -3.05
  5.06
  1.38
  0.67
 -3.34
  4.06
  4.68
  9.92
 13.21
  6.01
 16.90
 12.73
 12.66
  8.40
  5.29
 17.69
  4.92
 10.54
  3.68
  5.25
 10.34
 14.80
 22.94
  5.47
  4.06
  6.50
 11.13
  4.87
  5.03
  7.76
 15.03
  9.94
 15.83
  6.38
 19.27
 12.09
 10.08
  6.72
  5.36
 17.83
  6.56
 13.29
  4.47
  6.52
  8.77
 15.59
 22.43
  5.94
  3.54
  7.71
 13.17
  5.23
  8.61
  8.93
 14.31
 10.06
 17.25
  6.53
 15.58
 12.56
 13.70
 10.83
  4.48
 18.24
  5.76
 11.67
  2.46
  6.33
 12.81
 16.75
 27.03
  7.07
  5.01
  5.98
 11.64
  6.12
  4.91
  7.69
 16.79
 13.29
 15.89
  6.31
 22.36
 11.91
 12.23
 10.27
  6.76
 17.74
  7.11
 14.12
  4.83
  6.91
 12.28
 14.98
 25.77
  6.93
  5.53
  6.80
 15.29
  5.29
  7.00
 10.46
 15.29
 10.82
 10.35
  4.74
 17.43
  9.62
  7.75
  6.97
  6.27
 17.29
  6.51
 10.57
  4.33
  5.76
  8.50
 12.48
 20.26
  6.11
  1.29
  4.56
 11.62
  4.12
  4.60
  8.03
 12.90
 11.01
 13.74
  3.82
 21.34
 11.41
  8.02
  7.19
  8.38
 17.83
  7.40
 14.34
  5.01
  6.30
  8.13
 13.49
 19.24
  4.56
  3.48
  7.15
 13.31
  4.34
  7.27
  9.33
 11.08
 13.93
 13.95
  5.14
 21.45
  9.36
  9.02
  7.64
  6.96
 16.62
  6.16
 13.77
  5.66
  7.38
  9.59
 12.50
 22.33
  6.47
  3.34
  5.25
 15.45
  5.53
  5.69
  9.06
 12.53
 13.84
 14.51
  4.28
 22.72
 10.44
  8.86
  7.98
  6.38
 15.22
  4.46
 14.33
  6.13
  6.11
  8.54
 13.21
 21.23
  6.03
  4.06
  6.88
 15.14
  5.11
  6.17
  9.80
 11.01
 11.71
 11.48
  4.07
 16.61
  6.13
  5.58
  4.29
  4.10
  8.65
  5.47
 10.43
  5.88
  4.96
  3.22
  9.40
 14.86
  5.09
  3.82
  3.42
 14.81
  4.47
  0.64
  5.90
  6.19
 11.91
 11.09
  5.97
 15.03
 12.36
  7.50
 12.82
  7.64
 17.64
  4.96
 13.94
  5.50
  4.71
 17.65
 13.37
 14.92
  4.91
  7.06
  4.83
 10.54
  5.41
  2.34
  9.78
 18.54
  8.93
 11.29
  4.97
 18.44
 10.52
  4.54
 12.51
  5.46
 17.70
  6.35
 17.50
  5.56
  5.85
 17.63
 15.22
 14.69
  5.41
  4.01
  6.53
 12.69
  5.22
  5.22
 10.37
 14.22
 10.89
 12.49
  7.13
 15.49
 11.28
  8.10
 16.40
  6.81
 17.73
  5.23
 16.72
  5.22
  5.72
 19.80
 14.98
 17.28
  5.82
  8.12
  5.85
 11.52
  7.27
  1.64
 10.49
 19.16
 12.72
 11.99
  5.16
 21.11
 10.62
  7.23
 12.62
  8.10
 19.26
  6.11
 16.96
  6.33
  6.49
 21.81
 14.42
 16.76
  6.46
  7.17
  8.51
 14.72
  5.95
  3.37
 12.13
 16.69
 11.60
 10.80
  4.55
 14.88
 10.27
  4.70
  9.72
  7.53
 17.99
  8.87
 14.29
  6.02
  5.91
 15.78
 11.64
 13.95
  6.63
  3.44
  5.29
 11.46
  3.93
  2.75
  9.12
 15.68
  8.71
 10.09
  0.80
 18.89
  9.38
  1.55
 10.84
  6.58
 17.91
  5.97
 17.99
  5.79
  6.15
 16.85
 12.86
 12.89
  4.75
  2.50
  6.19
 13.21
  3.60
  4.13
  9.92
  9.26
 12.88
 11.44
  3.78
 20.80
  8.15
  5.67
  8.36
  7.99
 18.47
  7.81
 16.24
  6.88
  7.26
 18.31
 12.39
 15.15
  7.58
  4.07
  6.67
 14.66
  5.81
  3.20
 10.07
 15.04
 11.17
 10.62
  1.70
 21.87
  8.40
  4.66
  8.73
  5.88
 17.77
  7.73
 16.66
  6.39
  6.61
 17.10
 12.47
 13.68
  6.38
  2.93
  7.84
 14.32
  5.23
  2.99
 10.03
 11.71
 10.40
  8.56
  1.56
 18.01
  4.54
  4.19
  2.72
  4.08
 12.27
  5.79
 11.75
  6.26
  5.66
 11.19
  9.67
  9.61
  5.61
  2.42
  6.26
 13.24
  4.69
  0.09
  6.83
  7.68
 11.41
 12.01
  6.08
 10.29
 10.32
 10.86
  7.30
  9.11
 11.49
 12.02
 10.19
  3.64
  8.59
 13.18
 11.21
 16.20
  9.71
  2.33
  4.23
 10.19
  4.16
  4.34
  9.11
 13.80
 11.71
 12.56
  4.23
 13.57
  9.69
  9.86
  6.74
  9.47
 10.77
 12.86
 14.92
  3.32
  7.35
 12.43
 12.83
 15.65
  7.23
  1.86
  6.91
 12.97
  3.88
  6.45
  9.99
  7.64
 12.18
 14.87
  6.19
 11.11
 10.27
 12.84
 10.49
  9.49
 11.46
 12.97
 12.94
  3.87
  9.66
 17.51
 13.95
 19.38
 10.54
  2.48
  3.90
 12.37
  5.18
  4.21
 10.38
 13.18
 15.07
 14.08
  4.34
 15.06
 10.34
 10.64
  9.62
 11.87
 12.42
 13.84
 14.42
  4.64
  7.23
 14.22
 11.24
 16.68
  9.94
  3.75
  4.81
 13.36
  4.88
  4.53
 11.82
 11.49
 12.14
 10.30
  5.00
  9.47
  8.08
  6.14
  6.01
  9.11
 10.99
 14.26
  9.92
  4.08
  8.26
 11.04
  8.45
 13.48
 10.14
  1.46
  1.71
  9.18
  3.25
  2.66
  8.98
 13.83
 11.69
 10.99
  1.34
 15.12
  9.73
  7.14
  6.82
 10.27
 11.06
 12.57
 13.81
  3.68
  5.82
 11.18
  9.50
 12.53
  5.94
  2.65
  6.24
 11.68
  2.78
  3.86
  9.56
  5.73
 14.85
 13.00
  3.98
 13.68
  8.44
  7.70
  5.88
 11.05
 10.51
 12.60
 13.54
  5.23
  8.60
 11.23
  9.08
 13.06
 10.63
  2.97
  3.29
 12.14
  5.58
  2.62
 10.05
 12.34
 14.56
 12.52
  2.38
 16.38
  9.62
  8.12
  6.98
  9.63
 10.91
 10.26
 14.53
  4.67
  5.82
  9.89
 12.26
 11.83
  8.63
  3.61
  4.81
 12.51
  5.38
  2.85
 10.22
  9.19
 12.10
 10.43
  2.77
 12.28
  6.57
  3.74
  2.49
  7.27
  6.40
  9.26
 10.27
  5.38
  5.03
  3.69
  7.05
  5.86
  7.36
  4.91
  3.23
  9.26
  4.90
 -1.10
  5.91
  5.81
 14.58
 11.12
  7.06
  9.76
 13.92
  9.78
  5.96
  8.31
 16.99
  9.68
 10.83
  4.38
  5.09
 15.23
 13.99
 20.84
  3.95
  1.03
  4.42
  6.55
  3.19
  4.46
  5.41
 12.53
 13.88
 11.97
  4.33
 12.74
 12.86
  8.66
  4.12
  7.77
 18.25
  9.47
 11.83
  2.41
  5.74
 13.78
 15.67
 18.81
  4.13
 -0.28
  5.40
  8.73
  1.59
  4.89
  6.74
  6.67
 15.27
 12.84
  8.09
  9.76
 13.83
 11.14
  7.77
  7.63
 19.14
 10.26
  9.32
  3.56
  5.49
 17.89
 16.82
 24.20
  4.85
  1.79
  3.35
  8.49
  4.00
  1.58
  5.15
 10.92
 17.09
 12.31
  4.72
 14.06
 12.87
  9.92
  6.46
  9.87
 18.49
  9.43
 13.15
  4.07
  7.36
 16.27
 13.99
 20.95
  6.09
  1.44
  5.21
  9.24
  3.21
  4.91
  8.84
  9.58
 14.57
  9.86
  4.76
 10.23
 11.08
  5.32
  4.11
  8.54
 15.98
 12.41
 12.19
  4.97
  5.81
 12.99
 11.31
 17.92
  4.58
 -1.46
  3.97
  6.98
  2.06
  5.15
  6.61
 12.59
 14.10
 10.30
 -1.08
 14.31
 11.95
  5.34
  2.48
  8.08
 16.76
 10.04
 12.75
  3.02
  4.62
 11.91
 11.90
 14.66
  1.93
  0.09
  5.41
  9.18
  0.73
  3.98
  7.17
  3.15
 17.58
 11.61
  2.74
 12.83
 10.13
  6.93
  3.55
 10.09
 18.19
 11.69
 14.31
  4.79
  7.61
 13.01
 11.37
 18.33
  6.97
  0.24
  6.15
 10.31
  3.40
  5.79
  8.50
 10.59
 16.78
 10.92
 -0.08
 14.28
 10.80
  6.06
  3.05
  8.57
 17.05
  9.07
 13.19
  3.77
  7.04
 11.78
 11.45
 16.06
  6.93
 -0.00
  6.14
  9.61
  2.86
  3.30
  9.22
  5.54
 14.57
  9.07
 -0.33
 11.65
  5.17
  2.41
  0.36
  5.51
 11.85
  8.92
 11.72
  3.67
  5.79
  5.47
  9.28
 11.41
  6.80
  1.29
  4.85
  9.23
  2.73
  2.00
  7.61
  3.99
  3.98
  9.93
 -0.28
 12.23
  4.86
  6.40
  3.48
  0.53
 11.61
 10.97
 13.78
  4.05
  2.52
  6.18
 10.51
  8.92
  9.39
 -3.40
  6.73
  4.17
 -1.19
  1.17
  4.52
  7.97
  6.05
 10.44
 -1.47
 15.40
  4.51
  7.31
  3.13
  1.16
 13.62
 10.12
 12.47
  7.23
  3.85
  9.61
 11.41
  8.94
  6.08
  0.75
  7.88
  3.56
 -1.06
  4.23
  4.75
  4.85
  4.97
 13.11
  0.68
 14.04
  4.39
  8.48
  7.47
  0.46
 13.15
 13.70
 14.88
  7.10
  2.82
 11.40
 11.32
 11.22
 11.00
  1.08
  7.54
  2.48
 -0.27
  0.15
  5.21
  8.11
  8.29
 11.49
 -2.05
 17.51
  4.00
  8.27
  5.51
  3.19
 13.58
 11.38
 14.92
  8.66
  3.43
  8.66
 10.50
  9.89
  7.19
 -0.35
  5.71
  5.76
 -1.03
  1.46
  6.50
  6.99
  6.24
  7.56
 -3.01
 10.99
  3.57
  3.21
  2.35
  2.19
  9.86
 10.06
 11.66
  4.95
  2.32
  4.74
  8.01
  8.14
  7.83
 -4.74
  5.46
  4.32
 -0.98
  0.64
  4.95
  6.45
  6.62
  7.69
 -4.21
 16.90
  4.16
  4.41
  0.92
  1.35
 12.63
 10.36
 12.16
  7.49
  4.56
  8.60
  9.29
  5.83
  3.27
 -0.27
  9.22
  4.61
 -2.68
  3.99
  4.19
  3.91
  9.11
  9.89
 -4.46
 15.62
  1.75
  6.37
  1.80
  3.66
 11.88
 10.33
 13.21
  6.80
  3.63
  5.59
  8.01
  7.61
  6.13
 -3.85
  2.88
  6.25
 -0.81
 -0.21
  5.17
  6.32
  8.91
  9.69
 -4.92
 17.88
  2.35
  7.18
  1.10
  1.32
 11.28
  9.35
 12.94
  6.99
  4.11
  5.81
  7.65
  6.32
  4.62
 -2.32
  4.38
  6.34
 -1.84
  1.05
  4.91
  5.08
  8.55
  6.44
 -4.34
 13.80
 -0.01
  3.90
 -1.51
  0.70
  6.34
  7.55
  8.94
  5.22
  3.18
 -1.80
  5.80
  1.69
  2.90
 -3.44
  2.87
  5.98
  0.33
 -3.87
  2.01
  3.13
  3.23
 13.00
  2.59
 12.46
  7.93
  4.85
  5.41
  0.46
  8.41
 12.15
  7.70
  5.75
  4.91
 13.83
 10.70
 12.15
  3.87
 -3.55
  1.52
  0.27
  1.89
 -1.81
  0.99
  5.52
  4.32
 11.12
 -0.09
 14.44
  6.99
  6.56
  4.11
 -3.74
 10.00
 11.64
  8.89
  6.39
  5.38
 16.48
 11.98
 11.68
  4.38
 -1.26
  0.65
  1.37
  0.20
 -0.60
  3.32
  0.57
  2.99
 15.95
  2.59
 11.89
  7.49
  8.04
  8.46
 -0.50
  9.80
 15.79
 12.13
  7.39
  5.44
 19.87
 12.37
 15.22
  4.85
 -1.19
 -1.82
 -0.06
  2.52
 -2.95
  1.45
  4.45
  6.13
 12.66
 -0.08
 16.31
  6.25
  6.56
  6.52
  1.30
  9.77
 15.04
  8.18
  8.12
  5.50
 16.44
 10.93
 13.39
  3.72
 -1.36
  0.91
  2.02
  1.22
 -1.67
  4.58
  3.34
  6.93
  9.83
  0.90
 12.00
  6.49
  2.21
  4.24
  1.43
  7.38
 10.32
  7.78
  5.15
  4.45
 10.41
  7.89
 11.20
  4.28
 -5.67
  1.34
  1.47
  1.33
 -1.76
  2.12
  5.41
  4.71
  8.15
 -2.31
 15.49
  5.64
  3.19
  2.68
 -4.43
  8.06
 11.46
  4.45
  4.87
  5.26
 13.39
 10.25
  7.75
  4.76
 -2.75
  4.00
  2.27
 -2.94
 -0.95
  3.43
 -0.84
  8.00
 10.69
 -1.32
 14.55
  4.63
  4.01
  2.85
  2.81
  7.80
 12.73
  6.66
  5.91
  6.41
 11.47
  7.91
 11.16
  4.26
 -3.83
  3.08
  2.38
  1.87
 -3.06
  3.79
  5.14
  6.20
  9.70
 -2.99
 16.10
  4.81
  4.00
  1.89
 -1.50
  7.74
 13.14
  6.14
  5.37
  5.31
 11.36
  9.21
  8.71
  3.80
 -3.97
  3.86
  2.79
 -0.25
 -3.04
  4.66
  1.57
  6.91
  7.76
 -2.63
 12.61
  1.48
  2.05
 -0.78
  0.54
  2.44
  7.95
  4.47
  4.14
  5.05
  3.09
  6.00
  5.04
  2.52
 -3.25
  2.91
  1.80
  1.48
 -6.39
  3.51
  1.18
  6.24
 14.49
  7.37
 17.58
  9.38
  8.55
  6.89
  6.68
 13.49
  6.44
 14.90
  4.06
  4.35
 17.75
 15.97
 14.93
  5.28
  2.76
  3.98
  8.83
  4.97
  6.81
  7.81
 12.39
  6.42
 15.99
  6.22
 19.66
  8.26
  8.30
  5.32
  6.36
 14.06
  4.59
 16.04
  3.38
  4.31
 18.05
 16.83
 13.86
  4.89
  1.55
  6.73
 10.97
  5.48
 10.39
  6.55
 10.45
  6.12
 18.08
  6.91
 17.72
  9.08
 11.19
 11.13
  6.35
 13.33
  7.79
 16.82
  3.42
  4.45
 21.63
 17.54
 16.83
  6.76
  3.13
  2.57
 10.74
  7.50
  6.61
  7.78
 13.38
  9.50
 15.29
  5.88
 21.56
  8.11
  8.72
  8.14
  8.35
 14.86
  7.37
 16.95
  4.41
  5.13
 21.15
 15.87
 15.75
  6.35
  3.27
  6.06
 11.53
  5.85
  8.96
  8.69
 12.33
  7.53
 11.69
  5.80
 16.76
  6.29
  4.53
  3.13
  6.14
 12.67
  8.14
 13.37
  4.31
  4.97
 15.32
 13.12
 13.38
  5.25
  0.30
  5.24
  8.45
  2.35
  5.85
  7.23
 10.95
  7.64
 12.96
  3.25
 20.20
  7.36
  6.05
  6.16
  7.42
 15.47
  6.44
 16.80
  3.66
  3.24
 19.02
 13.80
 11.85
  3.26
  2.36
  8.06
 10.62
  4.06
  9.22
  5.59
  7.69
 10.05
 12.58
  4.47
 20.00
  5.45
  5.44
  4.03
  7.21
 13.02
  6.56
 16.66
  4.58
  5.50
 17.28
 13.22
 13.55
  5.45
  1.94
  6.43
 10.41
  4.58
  7.22
  6.56
 10.77
 10.18
 12.74
  3.53
 21.45
  6.40
  5.75
  4.86
  6.90
 13.67
  4.84
 17.21
  4.34
  4.66
 17.87
 12.47
 12.70
  3.96
  2.83
  7.36
 10.71
  5.20
  7.64
  5.95
  9.52
  9.45
  8.06
  2.56
 15.61
  3.06
  2.74
  2.16
  4.67
  9.25
  5.40
 11.10
  3.66
  4.54
 11.28
 10.21
  8.30
  3.07
  2.20
  5.77
  8.40
  4.43
  1.48
  2.29
  5.79
 11.10
  8.75
  8.55
 16.37
 14.29
  8.12
  8.40
  6.40
 17.35
  8.33
 12.66
  5.73
  2.54
 18.19
 13.93
 21.59
  4.08
  5.93
  1.88
  9.04
  2.99
  9.25
  7.98
 13.17
  9.21
 11.28
  6.30
 18.78
 12.63
  6.17
  6.61
  5.09
 15.55
  9.12
 15.62
  5.92
  4.91
 17.89
 14.96
 20.52
  5.21
  3.66
  6.00
  9.98
  4.20
 11.97
  8.84
  8.19
 10.59
 13.14
  9.03
 15.52
 14.09
  9.08
 10.93
  6.19
 16.69
  9.77
 13.82
  5.73
  3.94
 19.51
 16.20
 26.47
  5.39
  5.78
  3.24
  9.39
  5.48
  9.10
  8.41
 12.58
 13.27
 11.00
  7.52
 20.22
 12.86
  7.23
  7.96
  8.06
 17.63
  9.77
 15.30
  7.46
  4.43
 21.34
 13.61
 23.51
  6.30
  6.78
  5.27
 11.90
  3.56
 11.11
 11.08
 11.19
 12.59
  6.62
  6.80
 16.04
 11.29
  4.49
  6.74
  5.33
 15.27
 11.29
 11.79
  6.11
  3.66
 15.60
 10.99
 18.14
  4.86
  3.90
  3.17
  9.25
  1.15
  9.76
  8.36
 11.68
  9.09
  8.66
  1.70
 19.78
 10.35
  3.09
  7.08
  5.11
 14.56
  9.66
 13.89
  5.77
  5.28
 17.80
 11.35
 16.64
  4.96
  2.92
  6.36
  9.50
  2.19
  9.99
  9.01
  4.61
 14.51
  8.76
  6.10
 18.76
 11.02
  5.16
  4.46
  7.29
 14.79
 11.06
 14.40
  6.52
  4.59
 17.92
 10.95
 19.27
  7.53
  4.34
  4.11
 12.10
  2.84
  9.87
 10.29
 11.25
 12.06
  8.62
  3.75
 20.37
 10.91
  4.50
  5.91
  4.81
 13.28
 10.30
 14.05
  6.06
  4.69
 17.74
 10.21
 17.59
  7.44
  3.30
  6.46
 11.12
  2.24
  8.76
 10.57
  7.40
 10.14
  6.30
  2.72
 14.96
  7.62
 -2.63
  1.32
  3.53
  6.02
  8.25
  9.51
  5.16
  3.47
 10.64
  7.46
 11.57
  5.74
  2.73
  3.67
 11.40
  2.59
  5.36
  7.61
  5.47
  8.73
 12.56
 -0.24
 11.89
  8.51
  7.68
  6.87
  6.39
 13.15
  9.60
  7.94
  0.55
  5.61
 10.14
 15.30
 21.46
  5.02
  4.80
  0.05
  1.35
 -1.95
 13.98
  8.02
  9.71
  7.78
 14.48
  1.21
 14.51
  7.28
  6.17
  4.31
  5.85
 10.48
  7.62
  9.83
  0.93
  4.10
  9.97
 14.93
 19.65
  5.23
  2.40
  2.40
  3.21
  1.88
 15.77
  8.04
  7.35
  6.78
 16.38
  0.81
 10.23
  7.54
  8.48
 11.28
  5.81
 11.77
 11.98
  9.19
 -0.87
  6.72
 14.77
 16.49
 24.60
  3.80
  5.82
  2.29
  2.67
 -0.51
 15.02
  8.97
 11.00
 12.10
 14.56
  0.10
 16.69
  7.65
  7.66
  8.40
  7.63
 12.71
 10.64
  9.90
  1.84
  3.85
 10.66
 13.79
 21.49
  9.15
  6.60
  3.42
  4.05
 -0.43
 15.51
  9.96
  9.29
 12.29
 10.18
 -0.54
 13.68
  7.23
  3.23
  3.62
  6.05
 11.18
  8.85
  8.12
  2.23
  4.95
  7.52
 12.56
 18.18
  7.43
  1.63
 -0.63
  0.71
 -1.92
 12.98
  7.72
  7.78
  9.52
 11.73
 -0.40
 16.28
  7.34
  4.40
  4.68
  7.39
 11.16
  9.35
  8.40
  2.36
  2.07
  9.24
 11.95
 15.34
  7.00
  1.96
  2.16
  1.96
  2.62
 13.06
  7.24
  4.30
 13.80
 12.25
 -0.19
 17.32
  5.99
  4.73
  3.79
  7.24
 11.33
  7.60
  9.64
  2.35
  3.73
  8.28
 12.38
 18.52
 10.02
  2.82
  2.33
  3.61
  0.18
 13.55
  7.41
  8.37
 12.24
 12.75
 -0.74
 17.25
  6.74
  5.80
  5.23
  6.46
 12.32
  8.18
  8.75
  1.95
  0.41
  6.94
 11.77
 16.72
  9.88
  2.61
  3.06
  3.67
  1.26
 11.68
  7.89
  7.16
 11.22
  9.59
  0.15
 12.55
  2.87
  1.74
  2.16
  4.60
  8.22
  2.90
  4.72
  2.34
  0.83
  1.29
  8.89
 10.58
  8.72
  2.76
  2.13
  2.90
  1.32
  5.72
  2.03
  4.45
 16.85
  9.83
  5.18
  3.93
  8.63
  4.74
  5.76
  2.19
 13.40
 13.32
  8.79
  4.00
 -1.67
 17.38
 15.17
 11.23
  2.34
  0.39
  1.56
  6.32
  3.43
  5.90
  8.94
 11.63
 16.92
  9.78
  3.76
  7.97
  8.40
  2.73
  3.86
  3.02
 13.80
 10.59
  9.48
  3.18
  0.15
 16.32
 15.70
 10.52
  2.17
  0.07
  5.34
  6.15
  2.61
  9.07
 10.45
  9.19
 16.87
 10.37
  6.85
  1.70
  9.08
  4.93
  7.82
  3.31
 15.29
 13.72
 11.46
  3.70
 -1.02
 22.45
 17.01
 13.27
  1.74
  1.54
  2.14
  6.94
  3.65
  6.73
  9.19
 12.40
 22.44
 11.62
  3.57
  9.15
  7.70
  4.13
  5.10
  4.16
 14.96
 11.83
 11.29
  5.38
  1.53
 16.70
 15.48
 11.81
  4.46
  1.98
  3.70
  8.85
  2.17
  5.78
 12.74
 10.33
 21.66
  9.30
  3.10
  6.24
  6.41
  3.39
  4.70
  1.46
 12.99
 16.40
  9.43
  4.71
  0.25
 11.76
 12.61
  9.42
  4.87
 -2.76
  1.91
  6.73
  3.80
  4.80
  9.35
 12.64
 16.61
  8.80
  0.59
 11.83
  8.86
  0.59
  3.66
  2.29
 13.59
  8.15
  9.51
  4.25
  0.00
 13.65
 11.67
  8.82
  3.70
 -0.06
  5.08
  4.95
  0.80
  5.64
 10.73
  6.71
 26.42
 11.21
  1.64
  9.01
  5.10
  2.48
  3.20
  3.35
 14.26
 14.54
 11.23
  5.61
  1.85
 11.48
 13.20
  9.52
  6.15
 -0.78
  3.34
  9.61
  2.87
  3.72
 11.46
 11.05
 22.10
 10.38
  0.65
 10.86
  6.71
  1.31
  3.17
  1.41
 13.51
  9.96
 11.47
  4.70
  1.85
 11.64
 12.36
  8.77
  5.25
 -1.13
  4.73
  7.80
  1.46
  4.28
 12.07
  7.25
 20.40
  7.98
 -0.18
  9.29
  2.80
 -0.56
 -0.34
  0.64
  7.74
  8.98
  8.23
  5.57
  1.97
  2.56
  9.26
  4.52
  4.60
 -0.57
  3.42
  7.70
  1.07
  1.20
  8.91
  5.10
  5.19
 10.92
  4.22
  9.63
  2.89
  4.70
 -0.02
  0.19
  9.03
 12.22
 10.22
  7.60
  3.37
 11.11
  7.53
 11.74
  4.73
 -2.72
  3.53
  6.61
 -1.11
 -2.84
  5.62
 11.39
  6.75
 11.07
  2.88
 12.24
  2.50
  4.38
  2.05
 -0.88
 11.66
 11.30
 12.15
  8.55
  4.29
 12.47
  8.71
 12.22
  4.59
  1.13
  3.59
  6.91
 -2.74
 -0.03
  5.85
  7.62
  5.59
 14.22
  5.61
  8.69
  2.10
  5.80
  5.02
 -1.14
 10.84
 14.34
 12.60
 10.13
  4.20
 16.64
  9.20
 15.87
  4.61
  0.16
  0.80
  7.20
 -0.03
 -4.24
  5.49
 11.58
  8.29
 12.29
  3.30
 13.74
  2.35
  4.72
  3.56
  1.87
 10.14
 13.03
 12.41
  9.30
  3.97
 13.10
  8.35
 14.07
  4.78
  0.11
  5.15
  7.63
 -0.94
 -2.46
  6.98
  9.30
  7.67
  8.11
  1.16
  9.97
  1.62
  1.85
 -0.60
  1.82
  7.42
 11.48
 11.54
  7.20
  3.44
  8.30
  5.05
  9.29
  5.29
 -6.02
  3.12
  6.13
 -0.74
 -2.37
  5.67
  8.68
  7.12
  8.90
  0.40
 15.28
  2.40
  1.79
  1.27
 -0.54
  9.77
 10.50
 12.11
  6.91
  4.45
  8.86
  7.14
  7.76
  3.77
 -0.45
  6.05
  6.12
 -4.93
  1.07
  5.34
  6.27
  8.93
 10.01
  0.59
 12.84
  1.10
  3.30
  0.07
  3.22
  6.50
 11.91
 13.59
  7.62
  4.50
  8.44
  6.22
 10.76
  4.43
 -2.97
  7.71
  7.60
  0.59
 -3.11
  6.13
  8.02
  8.48
 10.19
  0.67
 15.12
  1.90
  2.59
  1.30
  0.91
  7.22
 10.92
 12.41
  6.93
  4.25
  7.14
  7.16
  9.28
  3.13
 -1.52
  8.70
  7.38
 -1.16
 -1.55
  6.35
  6.37
  7.27
  7.63
  0.13
 12.02
  0.48
  2.25
 -1.05
  2.66
  3.23
  7.95
  9.91
  5.46
  3.35
 -1.53
  6.00
  4.80
  1.71
 -2.36
  9.55
  4.61
  1.14
 -5.71
  2.60
  3.17
  3.10
 10.71
  0.74
  9.20
  2.44
  5.20
  3.17
 -0.03
  8.38
 12.58
 10.89
  9.38
  2.37
  8.99
 11.27
 17.23
 -0.42
 -4.80
  1.92
  3.43
  2.49
  1.39
  2.18
  8.80
  3.48
 11.22
 -0.40
 11.08
  2.44
  4.22
  3.18
 -2.51
  7.95
 12.37
 12.13
  9.48
  4.94
 10.10
 12.74
 15.37
 -1.76
  0.12
  3.33
  3.13
  1.28
  3.29
  3.71
  6.68
  3.08
 12.98
  2.16
  7.34
  2.47
  5.92
  6.17
 -2.09
  7.84
 14.57
 10.99
 10.94
  3.72
 13.92
 13.35
 19.67
 -0.91
 -1.01
 -0.93
  3.88
  3.09
  1.54
  2.75
  9.96
  5.48
 11.43
 -0.44
 13.33
  1.61
  5.31
  4.52
  1.96
  9.29
 14.10
 12.15
 11.72
  3.70
 11.79
 11.66
 18.04
  0.44
 -1.93
  5.33
  4.54
  1.63
  1.63
  5.69
  8.30
  6.14
  7.69
 -1.37
 10.07
  1.69
  3.21
  1.96
  2.51
  8.59
 10.97
 10.35
  8.95
  1.55
  6.21
  8.24
 14.88
  0.72
 -7.38
  2.70
  3.62
  1.67
  0.33
  3.13
  8.13
  2.67
  8.73
 -2.55
 14.13
  2.40
  1.32
  0.92
 -3.62
  7.28
 12.66
 10.18
  7.78
  5.36
  5.60
  9.87
 10.80
 -0.49
 -2.08
  6.37
  2.90
 -1.43
  2.76
  3.59
  4.93
  6.65
  8.81
 -1.95
 12.69
  0.28
  4.24
  0.89
  3.66
  8.62
 11.41
 12.45
  9.96
  3.54
  5.86
  8.44
 15.01
  0.72
 -4.90
  5.36
  4.04
  1.10
 -0.91
  4.83
  8.67
  4.40
  9.06
 -2.00
 14.11
  0.58
  2.98
  0.47
 -0.86
  7.69
  8.83
 12.22
  8.24
  4.21
  4.17
  8.49
 12.38
  0.18
 -3.75
  7.96
  3.46
 -0.74
 -0.06
  5.31
  6.28
  5.39
  6.31
 -1.09
 11.56
 -1.24
  1.55
 -1.08
  0.78
  4.69
  8.22
  7.72
  7.50
  3.21
 -3.79
  5.89
  6.22
  0.96
 -3.30
  7.30
  1.51
  0.78
 -3.79
  4.43
  4.29
