 -1.44
  9.69
 10.38
  7.05
  8.55
 13.66
  7.15
 10.81
 12.13
  8.68
  7.64
  6.59
  9.77
  7.52
 14.55
  7.87
 14.10
 12.84
  6.19
 10.87
 11.22
 18.29
 11.79
  6.32
 -0.36
  8.17
  9.68
  7.05
  6.30
 13.31
  7.39
  9.27
  5.50
  7.10
  8.35
  7.17
  8.74
  9.40
 14.02
 10.67
 12.46
 13.27
  7.15
  6.65
 13.32
 17.19
 12.30
  8.04
 -1.77
  9.47
 11.58
  7.71
  8.36
 14.16
  7.79
 10.24
  6.05
  7.74
  7.00
  7.87
 10.41
  9.28
 17.07
 11.46
 15.24
 19.50
  7.58
  8.83
 14.13
 18.48
 13.71
  7.03
  1.07
  8.25
 10.59
  6.94
 10.57
 14.52
  7.45
 12.21
  5.94
  9.46
  9.28
  9.55
 10.69
  9.83
 15.16
 11.16
 13.69
 12.44
  7.19
 10.85
 10.02
 20.70
 12.44
  9.29
 -0.71
  7.90
  6.90
  5.96
  7.86
 12.02
  7.71
 10.23
 10.38
 10.40
  6.77
  6.72
  9.21
  7.15
 12.92
  5.81
 10.85
 11.75
  4.98
  9.87
  4.87
 16.75
  9.68
  6.83
  3.30
  3.81
  8.12
  5.82
  7.79
 12.80
  8.03
  8.88
  5.10
  8.78
  9.95
  9.72
  7.41
  9.39
 11.77
 10.57
  9.55
 13.75
  6.15
  5.45
  9.44
 16.87
 10.30
  8.96
  2.17
  6.62
  7.60
  6.62
  9.60
 11.15
  8.53
 12.83
  6.30
 11.70
  7.52
  9.52
 10.44
  8.06
 11.63
  9.33
 10.82
 11.60
  5.11
 10.78
  4.44
 19.62
 10.33
  9.37
  4.90
  4.36
  8.75
  6.19
  9.87
 11.13
  8.79
 11.82
  4.36
 11.39
  8.44
 11.10
  9.08
  8.92
 10.97
 10.92
  9.95
 11.64
  7.02
  9.21
  6.23
 21.90
 10.14
 10.65
  5.97
  2.50
  4.95
  4.96
  9.00
  7.06
  6.55
 10.25
  4.65
 11.40
  2.03
 10.98
  8.23
  5.86
  6.90
  8.28
  6.56
 11.37
  4.23
  8.15
  0.90
 16.96
  8.98
  9.43
 -0.46
  9.82
  8.94
  3.54
  5.71
 10.39
  5.65
  9.01
  5.02
  4.23
  5.34
  4.12
  9.97
  9.29
 12.91
  4.00
 13.00
 11.88
  5.56
  8.00
 10.05
 11.93
  6.75
  5.64
 -1.67
  8.06
  8.82
  3.65
  6.11
 11.17
  7.39
  8.10
  6.02
  3.99
  5.55
  4.16
  8.26
  9.74
 10.33
  6.50
  9.30
 14.53
  5.93
  5.05
 11.27
 12.54
  7.86
  7.02
 -2.50
  8.16
 10.24
  3.92
  5.57
 13.04
  7.94
  8.65
  3.71
  3.73
  5.31
  4.28
 11.19
 10.85
 14.07
  8.29
 12.58
 20.66
  7.32
  7.98
 12.30
 11.32
  9.37
  5.90
  0.82
  9.72
 10.20
  3.59
  9.19
 14.02
  6.83
 10.10
  4.31
  6.75
  5.34
  5.59
 10.51
 10.83
 12.06
  6.66
 11.32
 13.33
  5.64
  7.89
 10.87
 14.12
  7.44
  8.86
  1.34
 10.06
  6.10
  3.63
  6.04
 10.39
  5.45
  8.92
  2.69
  5.57
  3.15
  4.09
  8.84
  8.33
 11.99
  1.92
 10.79
  9.01
  3.49
  6.57
  6.54
 11.47
  4.57
  6.18
  2.48
  5.55
  7.32
  3.23
  7.05
 11.30
  5.94
  8.73
  5.09
  5.21
  4.84
  6.09
  6.32
  7.55
  8.46
  5.55
  6.89
 12.07
  5.58
  3.45
  7.90
 12.88
  5.89
  8.91
  3.32
  9.63
  6.35
  3.53
  9.63
 12.23
  6.89
 10.37
  2.55
  8.97
  2.08
  5.79
  9.96
  9.75
 10.49
  4.97
  9.68
 10.81
  2.66
  7.54
  6.79
 14.50
  4.93
  9.24
  4.15
  6.83
  7.87
  3.27
  9.93
 12.29
  7.17
  9.50
  3.07
  7.65
  2.83
  6.80
  7.48
  7.91
  9.67
  5.43
  8.67
 10.17
  3.63
  6.26
  6.88
 14.72
  5.07
  9.94
  5.07
  4.76
  5.64
  2.67
  8.90
 10.29
  6.05
  7.97
  0.61
  8.61
 -3.96
  6.14
  5.87
  6.68
  6.72
  4.41
  5.77
  9.91
  0.77
  5.83
  2.54
 12.83
  3.97
  9.84
 -5.21
  8.57
 11.89
  5.03
  8.43
  8.18
  2.07
  9.95
 -2.38
  7.15
  3.34
  2.82
  8.93
  8.11
 10.46
  1.99
 15.88
 14.14
  2.04
 12.60
  8.50
 11.89
  6.13
  1.95
 -4.02
  8.30
 10.22
  4.78
  6.88
  7.35
  3.22
  7.32
  1.25
  8.64
  4.15
  4.54
  7.17
  9.83
 10.19
  6.08
 12.87
 15.85
  3.84
 10.85
 10.37
 11.90
  5.87
  4.58
 -5.50
  8.12
 13.95
  5.49
  8.27
  8.87
  3.83
 10.32
 -1.29
  6.89
  4.29
  3.64
 11.19
 10.80
 12.73
  7.87
 15.95
 23.01
  3.20
 12.55
 11.73
 11.58
  7.71
  3.12
 -2.82
  7.06
 11.82
  4.74
  8.93
 10.62
  3.22
 10.26
  0.62
 10.23
  4.11
  5.66
  8.50
  9.99
 10.52
  5.21
 14.14
 14.75
  2.21
 13.21
  9.63
 15.92
  4.92
  5.00
 -3.56
  7.37
  8.15
  4.25
  6.89
  9.07
  3.12
  9.43
 -0.35
  8.09
  1.82
  3.80
  7.06
  6.20
  8.72
 -1.03
 13.01
 11.11
  0.88
 11.14
  4.90
 10.66
  4.45
  2.91
  0.69
  5.44
  7.53
  4.17
  7.27
  8.27
  4.14
  5.72
  1.55
  9.80
  2.96
  6.89
  4.45
  8.46
  6.95
  3.93
  9.95
 13.95
  2.93
  7.96
  8.21
 12.93
  3.43
  6.11
 -0.60
  6.31
  8.40
  5.19
  8.20
 10.31
  4.52
  9.85
 -1.59
 11.91
  0.75
  6.19
  7.27
  7.15
  8.20
  1.71
 12.43
 12.27
 -0.22
 11.57
  6.12
 15.91
  2.83
  5.91
  1.42
  4.74
  8.20
  4.25
  8.82
  9.05
  4.92
  7.92
  0.22
 11.13
  1.60
  7.60
  5.11
  9.24
  7.96
  3.90
 11.04
 12.70
  1.73
 10.76
  7.68
 18.05
  3.00
  6.66
  3.09
  2.93
  5.38
  5.62
  7.44
  8.61
  5.31
  6.63
 -3.54
 10.46
 -5.58
  7.29
  2.85
  4.25
  5.45
  1.39
  7.41
 12.17
  1.57
  7.46
  3.99
 14.37
  2.36
  7.72
 -1.86
  5.24
  6.28
  1.70
  6.63
 10.98
  3.93
  5.88
 -1.41
  3.51
  2.35
  2.17
  9.47
  6.03
 12.39
  4.81
 12.99
  8.97
  0.72
  8.54
  8.62
  7.85
  0.33
 -0.17
 -1.32
  2.65
  5.72
  1.73
  5.64
 11.69
  5.60
  4.06
 -0.70
  3.62
  1.70
  1.75
  7.61
  8.56
  9.05
  6.56
  9.35
  9.97
  1.17
  4.13
  9.19
  7.96
  2.70
  1.64
 -1.73
  3.69
  7.60
  2.81
  6.20
 13.41
  5.45
  5.51
 -2.59
  3.97
  1.05
  2.63
 12.52
  8.89
 12.66
  8.94
 12.51
 16.94
  2.73
  8.41
 10.09
  7.14
  3.35
  0.28
 -0.59
  3.34
  6.34
  1.16
  9.47
 14.02
  4.79
  5.32
 -1.54
  4.72
  2.51
  4.21
  9.45
  7.90
 11.41
  6.35
 11.10
 10.07
  0.28
  6.94
  6.09
 11.15
 -0.42
  3.08
 -1.58
  6.61
  4.04
  1.68
  6.65
 11.20
  4.00
  5.79
 -2.25
  4.15
  2.20
  2.88
  7.45
  4.85
 10.84
  1.68
 10.48
  6.55
 -0.63
  5.69
  2.99
  7.91
 -2.34
  1.27
  0.53
  0.53
  4.46
  0.81
  5.81
 11.86
  5.02
  4.25
 -2.05
  2.85
  2.30
  3.39
  4.92
  7.61
  7.35
  4.65
  6.49
  7.63
 -0.85
  1.06
  5.35
  9.82
  0.49
  4.11
 -0.44
  4.86
  4.84
  1.84
  8.41
 12.22
  5.35
  6.14
 -3.57
  5.79
  0.84
  5.33
  7.48
  6.08
 10.24
  3.73
  9.98
  7.80
 -1.08
  6.59
  2.16
 13.10
 -3.59
  4.49
  1.69
  1.92
  5.68
  1.19
  8.36
 11.71
  5.74
  5.49
 -3.62
  4.11
  1.38
  5.74
  5.92
  7.27
  9.27
  4.45
  8.23
  7.55
 -0.53
  4.71
  2.38
 13.29
 -2.70
  5.35
  2.29
  0.27
  4.35
  2.64
  6.17
  8.85
  4.64
  4.94
 -4.69
  5.17
 -4.30
  6.66
  3.92
  4.69
  7.19
  3.37
  7.06
  8.60
  0.87
  4.65
 -0.78
 14.19
 -3.03
  6.87
 -1.53
  6.42
  1.04
  4.94
  8.91
  5.43
  0.18
  8.00
  2.99
  3.91
  2.48
  2.72
  7.33
  8.00
 10.54
  4.68
 11.52
  6.25
  2.49
  6.59
  7.66
  6.13
  4.28
 -2.92
  0.93
  6.88
  1.27
  3.46
  7.25
  9.16
  0.96
  6.56
  4.87
  4.08
  1.29
  3.95
  6.34
  7.45
  7.78
  7.35
  8.89
  8.94
  2.68
  5.95
  8.14
  6.65
  5.74
 -1.88
 -0.95
  6.92
  1.61
  5.00
 10.71
  8.41
  2.01
  7.88
  3.29
  3.93
  1.78
  3.91
  9.92
  9.05
 11.48
  8.30
 10.98
 15.51
  2.77
  8.73
  9.31
  6.11
  7.70
 -2.84
  1.57
  5.24
  0.68
  3.04
  9.26
  9.56
  1.73
  8.84
  3.83
  7.16
  2.01
  5.11
  8.10
  8.81
  9.37
  7.68
  8.71
  8.37
  0.63
  7.13
  6.83
 10.99
  3.10
 -1.40
 -1.25
  5.73
 -0.62
  3.24
  6.20
  6.16
  1.49
  7.58
  1.79
  5.00
  2.23
  3.18
  5.91
  6.76
  9.16
  1.93
  7.67
  5.14
  1.85
  6.96
  3.32
  7.35
  1.62
 -1.84
  3.52
  4.53
  0.93
  2.26
  6.41
  7.84
  0.94
  5.59
  3.22
  5.29
 -0.53
  4.71
  3.95
  6.87
  6.48
  6.68
  5.74
  7.92
  1.01
  4.39
  5.44
 10.89
  3.49
  0.63
  2.05
  4.40
 -0.02
  3.66
  6.85
  8.20
  2.67
  8.98
  0.50
  9.29
 -0.69
  4.99
  6.35
  7.26
  8.77
  4.63
  6.39
  7.20
 -0.88
  6.03
  3.13
 12.30
 -0.22
  0.50
  5.23
  3.47
  1.28
  2.46
  6.62
  6.99
  2.66
  8.14
  0.85
  9.42
 -1.56
  5.51
  4.89
  8.00
  7.82
  6.91
  5.53
  7.43
  0.31
  5.54
  3.97
 15.87
  0.67
  1.56
  5.82
  1.39
  2.03
  3.83
  4.27
  4.67
  2.47
  6.34
 -4.12
  9.17
 -6.28
  5.50
  3.26
  4.77
  6.37
  4.24
  2.22
  7.88
 -0.35
  3.42
  0.01
 13.29
  0.41
  3.14
 -1.59
  5.73
  2.28
  2.64
 10.55
  9.01
  0.74
  3.09
 -5.47
  1.35
  1.32
  1.65
  7.40
  3.58
  9.62
  3.79
 11.99
 11.81
  2.12
  7.63
  3.71
  7.41
  0.51
  0.18
 -1.06
  5.13
  2.14
  1.74
 10.05
 11.81
  2.13
  2.38
 -4.52
  1.81
  0.83
  0.53
  6.04
  5.53
  8.21
  5.65
  8.77
 12.62
  1.73
  7.38
  4.63
  6.64
  2.34
  0.96
 -1.64
  5.38
  2.87
  4.26
 12.33
 12.19
  2.41
  2.65
 -4.80
  0.85
 -0.51
  1.80
  9.33
  5.01
 11.05
  8.16
 12.13
 19.20
  2.37
  8.83
  5.04
  6.53
  2.91
  1.29
  2.04
  5.66
  3.59
  1.84
 12.27
 13.81
  1.77
  3.80
 -4.49
  2.91
 -0.05
  3.13
  7.49
  5.26
  9.23
  5.69
 12.29
 11.58
  2.04
  9.75
  2.44
  9.77
 -0.49
  1.59
  0.34
  4.40
  1.24
  1.35
  9.93
  9.49
  0.64
  3.60
 -3.41
  3.03
  0.94
  2.00
  6.12
  3.09
  8.33
  1.16
 10.19
  8.80
  0.78
  7.08
 -0.84
  6.73
 -0.90
  0.14
  1.63
  3.49
  1.44
  0.95
  9.06
 10.00
  1.30
  2.60
 -5.58
  3.40
 -0.24
  1.87
  4.34
  4.97
  6.99
  3.67
  6.61
 10.76
  0.10
  6.00
  1.61
  8.28
  1.10
  2.79
  3.44
  4.69
  2.39
  1.18
 11.02
 12.13
  2.74
  4.52
 -4.29
  4.63
 -1.94
  2.93
  6.98
  3.55
  9.01
  2.97
 11.22
  9.50
  0.24
  7.48
 -1.47
 10.43
 -2.99
  1.99
  4.58
  3.47
  2.70
  0.39
 10.29
 10.88
  2.54
  3.24
 -5.49
  4.71
 -1.97
  3.01
  5.52
  6.33
  8.02
  3.53
  9.55
  9.43
  0.88
  7.47
  0.28
 12.08
 -2.09
  2.58
  5.27
  3.58
  3.51
  1.62
  8.93
  8.73
  3.38
  3.51
 -5.09
  6.20
 -8.27
  3.03
  3.93
  2.73
  6.61
  1.11
  7.82
  9.05
  0.65
  5.76
 -3.37
  9.93
 -2.09
  3.50
 -2.82
 13.35
 10.57
  5.74
 13.44
  9.40
 10.28
 11.83
 -2.63
  5.13
  6.27
  9.20
 11.75
  8.68
 10.63
  4.88
 16.35
 12.18
  8.21
 15.13
 15.81
 13.71
  8.14
  5.13
 -3.94
  9.75
  9.41
  4.45
 11.80
  8.30
 11.73
  9.05
 -1.51
  5.93
  7.87
  9.04
 10.01
 10.57
  9.78
 10.20
 13.52
 16.52
  7.59
 14.60
 16.21
 14.74
  8.79
  7.52
 -4.54
 12.20
 11.91
  5.47
 15.12
  8.75
 12.88
 11.49
 -0.98
  4.57
  7.25
  9.57
 13.36
 11.54
 11.79
 10.52
 16.68
 20.86
  9.79
 15.67
 18.32
 13.44
  9.17
  6.67
 -1.60
 12.50
 11.36
  5.11
 14.07
 11.14
 11.66
 10.82
  1.06
  7.12
  9.47
 10.86
 12.29
  9.64
 10.37
  9.89
 13.36
 16.26
  9.69
 16.51
 14.67
 16.15
  7.22
  8.60
 -0.83
 12.04
  7.37
  4.93
 11.57
  9.03
  9.87
 10.53
  1.06
  7.30
  6.50
  8.17
 10.36
  7.13
  9.33
  2.69
 13.11
  9.83
  7.67
 13.41
 10.58
 11.36
  6.84
  5.55
  0.59
  7.21
  8.21
  2.64
 10.74
  9.05
 10.71
  8.02
 -1.75
  8.05
  8.36
 10.19
  7.92
  8.80
  7.81
  9.92
  9.31
 16.11
  8.59
 13.70
 12.50
 14.53
  6.64
  8.74
  1.14
 10.09
  8.81
  5.61
 12.96
  9.25
 11.19
 10.91
 -0.47
  8.46
  6.54
  9.67
 11.30
  6.73
  7.85
  6.72
 11.74
 14.05
  7.98
 15.11
  9.10
 14.50
  6.20
  8.32
  2.17
  5.89
  9.64
  3.09
 13.22
  8.49
 12.05
  8.86
 -0.23
  9.11
  7.25
 10.92
  9.70
  6.50
  8.02
  9.61
 10.25
 15.56
  9.66
 14.87
  9.93
 17.01
  5.93
 10.04
  5.83
  4.86
  6.79
  3.80
 10.29
  5.94
  9.07
  6.47
 -2.45
  9.09
  0.84
  9.17
  7.49
  3.48
  5.44
  5.86
  7.08
 13.83
  6.22
 11.22
  3.50
 12.75
  5.65
  9.56
  1.37
 10.38
  7.66
  5.71
  9.46
 14.65
  6.96
  9.69
 -0.53
  6.01
  1.31
  4.41
 12.78
  8.10
 12.08
  4.92
 14.96
 10.02
  7.65
 12.29
  7.85
 12.84
  9.02
  1.91
  0.70
  6.78
  7.07
  4.37
  8.69
 13.57
  7.55
  8.73
  1.47
  5.72
  2.46
  4.61
  9.98
  9.25
 10.19
  7.34
 11.58
 12.23
  7.41
 11.53
  8.64
 12.50
  9.83
  2.76
  0.53
  8.75
  7.92
  7.31
  9.71
 15.61
  9.02
  9.50
 -0.73
  6.50
  2.00
  5.21
 14.29
  9.17
 12.38
  8.59
 16.00
 17.77
  8.40
 13.16
  9.53
 11.03
 11.56
  2.85
  2.34
  8.28
  8.70
  5.20
 10.81
 15.80
  7.87
 10.39
  0.24
  7.23
  1.65
  7.03
 12.81
  9.48
 12.07
  8.02
 14.51
 11.32
  7.70
 13.67
  6.03
 14.26
  8.80
  4.36
  1.99
 10.04
  6.32
  4.43
  9.63
 12.80
  6.50
  9.05
 -0.96
  6.48
  1.09
  5.26
 11.67
  7.08
 10.72
  3.06
 11.47
  7.46
  6.02
 11.80
  3.44
 12.20
  5.97
  2.82
  4.16
  4.16
  7.51
  3.30
  8.72
 12.65
  6.76
  7.55
  1.40
  6.38
  2.56
  6.12
  7.30
  9.24
  9.13
  5.64
  8.69
 11.16
  6.17
 10.43
  5.29
 12.25
  7.25
  4.19
  3.52
  8.44
  8.29
  5.09
 11.03
 13.45
  8.09
 10.75
 -2.21
  7.91
 -0.30
  6.97
 12.26
  7.16
 12.04
  5.99
 11.18
  9.01
  5.75
 12.73
  2.41
 14.71
  5.36
  5.10
  4.88
  4.90
  8.54
  4.50
 10.39
 12.10
  8.01
  9.42
 -0.86
  6.51
  0.72
  7.03
  9.32
  8.60
 10.60
  6.44
  9.11
 10.08
  5.80
 13.15
  3.12
 16.28
  6.01
  5.79
  4.58
  2.10
  7.74
  3.51
  8.40
  9.07
  6.37
  7.72
 -2.94
  7.23
 -5.16
  6.49
  7.74
  5.63
  8.09
  4.93
  6.59
  8.65
  3.70
 11.51
 -1.69
 13.86
  4.23
  6.33
 -2.46
  9.08
  8.90
  3.41
  6.24
  7.59
  4.51
  9.05
  2.75
  3.60
  4.70
  1.39
  8.59
  7.57
  9.95
  1.33
 12.73
 13.43
  4.71
 10.18
  6.03
 11.03
  5.99
  1.01
 -0.40
  9.59
  7.34
  4.45
  6.43
  7.45
  5.68
  6.77
  2.88
  4.17
  2.42
  3.37
  6.56
  8.91
 10.30
  4.89
  9.96
 14.02
  6.41
  7.63
  7.92
 12.16
  6.08
  2.01
 -1.87
  9.33
  9.79
  4.15
  7.12
  8.76
  6.56
  9.86
  1.68
  2.84
  2.76
  3.40
 10.19
  9.30
 12.18
  6.17
 11.73
 22.36
  6.46
 10.40
  8.31
 11.51
  8.55
  1.71
  0.32
  9.04
  8.33
  2.73
  8.75
  9.99
  5.71
  7.94
  2.46
  5.55
  2.41
  5.06
  7.96
  8.92
 10.36
  4.58
 12.02
 12.89
  4.25
 11.05
  6.24
 14.53
  4.53
  2.62
 -1.68
  7.55
  6.71
  1.41
  5.06
  7.04
  5.29
  7.09
 -1.09
  4.61
  3.29
  2.55
  7.29
  6.01
  8.40
 -1.40
 10.40
 10.99
  3.71
  9.83
  2.04
 11.08
  4.31
  1.35
  2.24
  7.05
  5.81
  3.20
  6.62
  6.51
  5.10
  4.77
  2.62
  4.07
  1.80
  4.60
  4.21
  8.86
  7.40
  3.58
  7.79
 12.01
  6.46
  5.90
  5.28
 12.90
  3.17
  3.22
  1.27
  7.84
  6.72
  2.78
  7.55
  7.54
  6.62
  6.91
  0.38
  6.95
 -0.13
  5.36
  7.59
  5.50
  6.99
  1.00
 11.02
 11.31
  1.29
  9.04
  2.49
 15.19
  1.84
  3.31
  3.87
  6.94
  6.83
  2.73
  8.71
  6.72
  6.26
  5.71
  1.28
  6.79
 -0.78
  6.62
  5.23
  8.61
  7.43
  2.99
  9.23
 11.71
  3.52
  8.84
  4.27
 16.32
  1.45
  3.62
  4.34
  4.07
  5.72
  3.76
  6.64
  3.83
  5.48
  3.76
 -2.46
  7.56
 -7.19
  8.23
  3.22
  4.14
  4.57
  1.42
  7.11
 10.87
  2.18
  7.83
  0.68
 12.56
  0.38
  5.06
 -4.36
  7.52
  6.61
  2.59
 11.93
  5.08
  5.53
  8.43
  0.37
  2.06
  0.82
 -1.46
  6.96
  2.20
 10.76
  8.54
 11.93
 12.74
  3.77
 15.53
  4.00
  8.66
  7.15
  1.39
 -5.14
  4.31
  5.04
  2.24
  9.60
  5.50
  5.93
  6.25
  0.63
  1.82
  0.54
 -1.51
  5.62
  2.61
  9.16
  9.95
  8.54
 15.66
  3.27
 12.45
  4.58
  8.39
  8.25
  2.62
 -4.78
  5.92
  6.84
  2.93
 10.82
  4.67
  6.69
  8.41
  1.27
  1.37
 -0.22
 -1.47
  8.50
  2.78
 12.61
 11.82
 11.21
 21.77
  3.59
 14.22
  4.98
  8.74
 10.57
  1.67
 -4.42
  5.25
  5.50
  1.43
 13.61
  8.45
  6.03
  8.08
  0.91
  3.25
 -0.01
  0.69
  7.64
  1.94
 10.21
 11.39
 10.72
 16.57
  2.82
 15.29
  2.07
 11.83
  6.26
  3.42
 -4.71
  6.89
  4.60
  1.78
 11.04
  6.42
  5.27
  8.04
  2.00
  2.97
  1.33
 -0.38
  6.19
  2.26
  8.55
  5.42
  9.72
  9.07
  2.47
 13.79
  0.71
  9.11
  4.83
  2.79
 -3.10
  1.66
  3.46
  0.75
  9.34
  6.48
  6.02
  4.66
  0.46
  2.69
 -0.34
  0.25
  4.04
  1.64
  6.68
  8.40
  7.02
 13.69
  1.73
  9.70
  2.24
  8.73
  4.75
  4.55
 -3.99
  4.77
  4.12
  1.39
 12.99
  8.04
  6.51
  8.03
  0.51
  6.23
 -1.83
  2.04
  7.23
  1.93
  8.06
  7.66
 10.05
 13.40
  2.23
 13.51
 -0.70
 13.59
  3.23
  4.79
 -1.70
  1.74
  3.67
  1.07
 12.54
  6.81
  6.90
  5.93
 -0.22
  3.91
 -2.33
  2.40
  5.67
  1.53
  7.50
  8.67
  8.67
 13.79
  3.40
 12.29
 -0.42
 13.51
  3.09
  5.41
 -2.73
  0.57
  3.73
  1.58
  8.44
  4.39
  5.44
  5.47
 -1.02
  5.79
 -8.44
  4.24
  5.26
  1.73
  4.95
  4.50
  6.90
 12.82
  2.11
  9.46
 -4.01
 13.30
  1.71
  6.60
 -3.36
  5.84
  2.16
  3.20
  7.38
  3.06
  2.53
  6.16
  0.51
  3.03
  1.81
  2.60
  9.00
  1.08
 10.85
  7.88
 15.26
  9.59
  1.88
 10.00
  7.50
  4.38
 -1.45
 -1.12
 -0.17
  5.46
  1.81
  2.64
  5.71
  5.20
  3.44
  4.03
  2.55
  3.07
  0.91
  2.64
  7.30
  1.89
  8.43
 10.65
 12.57
 11.29
  3.01
  8.67
  9.63
  4.07
  0.83
  0.23
 -2.69
  5.97
  3.22
  3.68
  6.89
  4.26
  3.80
  5.81
  1.58
  2.88
  0.52
  3.87
 11.23
  2.06
 12.61
 13.38
 14.67
 19.38
  4.17
  8.79
 10.72
  3.25
  1.20
  0.12
 -0.40
  4.62
  1.71
  2.88
  6.89
  6.37
  3.22
  5.23
  2.08
  3.55
  1.50
  4.94
  9.20
  1.34
  9.48
  9.55
 13.27
  9.09
  2.07
 10.42
  7.15
  9.11
 -1.91
  0.84
 -2.48
  3.45
  1.11
  1.86
  5.54
  4.67
  3.67
  6.84
  2.43
  4.04
  0.75
  2.73
  7.60
  0.87
  8.68
  3.20
 11.55
  8.15
  0.07
  6.51
  2.34
  6.21
 -2.93
 -0.64
  0.85
  2.70
  1.00
  1.76
  5.63
  5.62
  3.55
  2.45
  2.02
  4.53
 -0.55
  3.65
  5.02
  0.72
  6.28
  7.85
  9.35
  9.34
  2.61
  7.14
  6.27
  7.74
 -0.70
  1.86
  0.11
  2.45
  0.20
  2.63
  6.19
  6.13
  4.72
  5.99
  0.59
  5.25
 -0.17
  4.35
  8.57
  0.55
  7.39
  5.27
 10.87
  7.16
 -0.75
  9.01
  2.96
 10.83
 -3.52
  2.00
  2.52
  1.97
  0.92
  0.79
  6.66
  5.51
  4.57
  4.04
  0.79
  5.24
 -0.49
  4.81
  6.48
  0.47
  6.91
  6.77
  9.61
  6.45
  1.20
  9.86
  4.56
 13.95
 -2.84
  2.85
  1.98
  0.81
  0.59
  3.09
  6.10
  3.43
  3.96
  4.16
 -0.48
  5.62
 -4.68
  5.60
  5.04
  0.44
  4.63
  2.46
  5.97
  6.37
  0.96
  7.35
  0.34
 11.86
 -2.49
  3.93
  2.16
  4.20
  4.45
  0.62
 12.94
  7.69
  2.58
  1.44
 -3.57
  5.04
 -0.36
  1.77
  4.64
  4.22
 12.36
  6.54
 12.47
 13.15
  3.57
  6.55
  2.79
 10.03
  2.43
  0.50
  3.46
  2.75
  3.16
 -1.08
 10.23
 10.53
  2.85
  1.61
 -2.46
  3.67
 -1.01
  0.64
  3.09
  5.53
  9.52
  7.04
  9.57
 15.12
  1.71
  3.15
  2.78
 11.65
  2.47
  0.22
  3.09
  4.13
  5.46
  0.01
 13.21
  9.61
  3.41
  0.60
 -4.38
  4.69
 -1.47
  2.04
  5.73
  6.10
 13.60
  9.87
 12.82
 21.20
  2.95
  6.75
  2.82
  9.68
  4.54
  0.96
  4.09
  3.02
  3.61
 -1.39
 13.90
 11.79
  3.37
  2.21
 -2.65
  5.66
  0.15
  4.24
  4.86
  4.75
 12.82
  7.13
 11.51
 14.46
  1.83
  6.56
  1.38
 13.69
  0.64
  1.77
  1.93
  3.37
  2.32
 -0.31
 11.65
  8.83
  3.59
  2.62
 -3.66
  6.56
  0.58
  2.44
  5.08
  2.90
 11.54
  4.35
  9.95
  9.72
  1.98
  5.42
 -0.35
  9.41
  0.40
  0.32
  4.14
  0.57
  1.19
 -0.16
  9.50
  9.15
  3.41
  1.27
 -3.52
  3.81
 -1.55
  2.41
  2.01
  5.44
  8.30
  4.73
  6.88
 12.74
  0.68
  1.96
  1.84
 12.50
 -0.61
  2.25
  3.90
  2.07
  2.03
 -0.63
 13.03
 10.73
  5.86
  3.81
 -3.14
  8.54
 -1.91
  4.12
  5.18
  2.78
 11.98
  5.09
 10.24
 11.03
  0.25
  6.20
 -1.25
 14.92
 -2.60
  2.51
  5.65
  0.97
  1.84
 -0.80
 11.63
  9.77
  5.37
  2.51
 -3.83
  5.89
 -2.35
  4.20
  3.66
  3.64
 10.42
  4.90
  9.45
 11.10
  0.57
  5.89
  0.30
 16.32
 -2.54
  3.18
  4.00
  0.97
  2.44
  0.17
  8.38
  7.10
  5.50
  2.67
 -4.60
  7.40
 -5.87
  3.28
  3.29
  2.08
  9.05
  1.92
  6.88
 10.02
  0.23
  6.15
 -1.84
 15.11
 -3.85
  4.29
 -1.24
 11.89
 10.38
  7.18
  9.28
 15.12
  7.15
 11.65
  6.70
  9.11
  7.79
  7.54
 10.28
  7.16
 15.05
  8.15
 17.03
 13.62
  6.19
 12.16
 11.94
 18.20
 13.21
  7.04
 -1.46
  9.73
  9.68
  6.83
  6.84
 14.10
  7.39
  9.62
  8.24
  7.08
  7.83
  8.46
  9.23
  8.83
 14.39
 11.12
 15.22
 13.58
  7.15
  7.89
 13.99
 17.25
 13.83
  8.79
 -2.83
 11.52
 11.58
  7.78
  9.28
 15.19
  7.79
 10.79
  8.09
  7.62
  6.79
  8.88
 10.92
  8.73
 17.68
 11.86
 18.94
 19.60
  7.58
  9.75
 15.13
 18.10
 15.27
  7.61
  1.29
 10.60
 10.59
  7.06
 11.93
 15.33
  7.45
 12.47
  8.97
  9.72
  9.18
 11.28
 11.21
  9.34
 15.82
 11.31
 16.30
 13.57
  7.19
 11.95
 10.74
 20.60
 14.14
  9.86
 -0.04
  9.50
  6.90
  5.94
  8.49
 12.82
  7.71
 11.11
  8.82
 10.87
  6.87
  7.77
  9.73
  6.82
 13.32
  5.92
 13.50
 13.05
  4.98
 10.84
  5.41
 16.75
 10.95
  7.73
  3.05
  4.81
  8.12
  5.57
  8.46
 13.49
  8.03
  9.05
  8.70
  9.31
 10.12
 12.09
  7.95
  9.46
 12.21
 11.12
 11.71
 14.37
  6.15
  6.38
  9.93
 16.83
 11.81
  9.72
  2.77
  7.95
  7.60
  6.52
 10.78
 11.92
  8.53
 13.28
  8.08
 11.80
  7.34
 11.51
 11.09
  7.52
 11.89
  9.33
 12.72
 13.10
  5.11
 11.63
  4.98
 19.54
 11.91
 10.27
  5.32
  5.21
  8.75
  6.12
 11.06
 11.80
  8.79
 11.74
  8.66
 11.73
  8.23
 13.77
  9.76
  8.82
 11.38
 11.08
 11.75
 12.72
  7.02
 10.16
  6.59
 22.10
 11.85
 11.46
  7.05
  2.46
  4.95
  4.81
  9.34
  7.60
  6.55
 10.14
  6.30
 11.77
  1.74
 13.46
  8.84
  5.07
  7.16
  8.42
  7.80
 12.63
  4.23
  8.69
  1.41
 16.86
 10.38
 10.19
  1.02
 11.05
  8.87
  3.29
  6.40
 12.24
  5.86
  9.61
 11.03
  2.76
  7.56
  4.51
  9.83
  8.80
 14.41
  4.43
 13.10
 13.01
  5.63
  7.87
 13.00
 14.36
  9.49
  5.75
 -0.65
  9.20
  8.67
  4.14
  6.64
 12.25
  7.69
  8.08
 10.98
  3.50
  8.62
  4.33
  8.28
  9.99
 11.78
  6.67
 10.44
 14.28
  6.84
  5.25
 15.01
 15.18
 10.96
  7.30
 -1.46
  9.34
 10.03
  3.96
  5.63
 14.50
  8.26
  8.80
  8.75
  2.28
  7.92
  4.71
 10.94
 11.23
 15.41
  8.33
 12.81
 21.08
  9.07
  7.75
 16.15
 13.61
 12.72
  6.25
  2.73
 10.86
 10.01
  3.88
 10.36
 15.27
  7.07
 10.48
  9.43
  7.18
  7.80
  5.99
 10.31
 10.97
 14.04
  6.84
 12.81
 13.91
  6.21
  8.08
 14.75
 16.45
 10.42
  9.11
  3.41
 11.26
  6.14
  3.46
  7.48
 11.52
  5.78
  9.18
  5.30
  4.85
  4.46
  4.36
  8.53
  7.89
 13.56
  2.61
 11.94
 11.18
  3.02
  6.78
  8.78
 13.95
  6.96
  6.11
  4.14
  6.80
  7.22
  3.35
  8.65
 12.32
  6.05
  8.90
 10.65
  5.22
  7.95
  6.95
  6.41
  7.41
 10.10
  5.74
  7.14
 13.97
  4.24
  3.48
 10.97
 15.05
  8.56
  9.25
  5.66
 11.13
  6.29
  3.44
 11.75
 13.12
  7.09
 10.65
  7.33
  9.33
  4.04
  6.13
  9.41
  9.90
 11.71
  5.39
 11.94
 12.46
  1.86
  7.82
  9.50
 16.87
  7.24
  9.25
  6.54
  8.00
  7.77
  3.17
 12.29
 13.17
  7.22
  9.73
  8.44
  8.75
  5.44
  7.35
  7.34
  7.32
 11.15
  5.54
 10.60
 11.85
  3.47
  6.74
  9.91
 16.54
  7.64
 10.10
  7.54
  5.90
  5.67
  2.58
 11.00
 11.36
  5.99
  8.14
  3.99
  9.14
 -1.96
  6.59
  5.55
  6.50
  8.43
  4.57
  7.86
 11.76
 -0.02
  6.36
  4.59
 13.98
  5.75
  9.79
 -3.18
 10.99
 11.78
  5.64
  9.97
 10.52
 -0.15
 11.58
 -1.85
  7.02
  1.91
  3.14
 10.98
  6.87
 12.50
  3.39
 19.09
 16.03
  1.95
 11.86
  8.59
 13.49
  7.89
  2.73
 -3.64
 10.44
 10.05
  5.50
  8.66
  8.48
  1.41
  8.78
  1.20
  8.90
  3.49
  4.61
  9.27
  8.35
 12.50
  8.38
 16.22
 16.19
  3.41
  9.78
 10.72
 14.24
  6.48
  5.20
 -3.92
 10.60
 13.79
  7.16
  9.76
 10.75
  1.67
 11.85
  0.06
  6.75
  3.86
  3.53
 13.16
  9.61
 15.56
  9.30
 19.51
 23.93
  2.69
 11.36
 12.64
 13.17
  8.67
  3.90
 -2.05
 10.31
 11.66
  5.99
 11.46
 12.16
  1.05
 11.92
  0.08
 10.63
  2.35
  5.91
 10.98
  8.40
 12.83
  7.55
 17.32
 15.47
  2.29
 12.89
 10.76
 17.55
  5.86
  5.79
 -1.67
  9.92
  8.05
  4.28
  8.55
 11.13
  1.41
 10.60
 -1.33
  8.13
  0.31
  4.38
  9.19
  5.52
 10.85
  0.63
 15.71
 13.94
  1.46
  9.88
  4.84
 11.80
  5.77
  3.50
  1.01
  7.52
  7.44
  4.69
  9.44
  9.90
  2.44
  6.98
  1.69
 10.28
  2.82
  7.42
  6.68
  7.12
  8.80
  6.35
 11.92
 15.08
  2.96
  7.11
  8.41
 15.36
  3.07
  6.55
  0.60
  9.27
  8.29
  5.56
 11.21
 11.97
  2.87
 11.33
 -2.82
 12.37
 -0.68
  6.88
  9.70
  6.49
 10.40
  4.11
 15.08
 14.15
  0.73
 11.54
  6.57
 17.49
  3.49
  6.50
  1.61
  7.16
  8.07
  4.61
 12.09
 10.58
  3.21
  9.47
 -0.55
 11.59
  0.55
  8.23
  7.33
  7.59
 10.03
  6.31
 13.21
 14.39
  2.43
 11.07
  8.10
 19.58
  3.04
  7.23
  3.09
  4.61
  5.34
  5.90
 10.57
 10.11
  4.41
  7.95
 -6.55
 11.40
 -6.17
  7.92
  4.97
  5.15
  7.07
  3.83
  8.68
 13.86
  2.40
  7.86
  4.18
 14.46
  2.07
  8.03
 -6.71
  4.21
  6.71
  4.36
 10.63
 13.84
  3.93
  6.06
 -0.84
  4.15
  3.45
  0.40
  9.64
  7.05
 13.52
  5.50
 14.43
 10.74
 -2.60
 10.30
  9.10
 11.89
  6.61
  0.14
 -5.98
  1.99
  6.18
  4.42
 10.41
 12.41
  5.60
  3.95
  1.45
  6.59
  2.73
  0.60
  7.36
 10.22
  8.06
  6.49
  9.70
 12.22
 -3.27
  5.34
 10.22
 10.94
  8.09
  2.23
 -7.29
  2.81
  8.12
  5.19
 11.24
 16.08
  5.45
  5.50
  2.26
  5.36
  1.72
  0.92
 12.18
 11.00
 12.98
 10.08
 13.97
 20.93
 -0.64
 11.41
 10.65
 10.66
  9.79
  0.77
 -5.21
  2.59
  6.47
  4.25
 14.09
 15.25
  4.79
  5.34
  2.87
  6.47
  3.51
  3.02
  9.06
  9.01
 12.13
  6.80
 12.85
 14.25
 -3.46
  8.54
  6.71
 13.90
  5.12
  3.48
 -6.29
  5.74
  4.04
  5.10
  9.48
 13.54
  4.00
  5.86
  7.06
  4.51
  2.87
  1.40
  7.12
  5.13
 12.16
  2.15
 12.03
  6.58
 -2.91
  8.45
  3.52
 11.74
  3.18
  1.41
 -3.28
  0.21
  4.69
  3.83
 10.02
 12.82
  5.02
  4.26
  2.90
  5.30
  4.46
  3.49
  4.97
  8.55
  7.52
  3.77
  5.43
  8.51
 -5.03
  3.39
  5.75
 12.01
  4.86
  4.41
 -4.81
  4.22
  4.86
  5.43
 12.95
 13.17
  5.35
  6.08
  3.88
  6.41
  2.19
  4.42
  6.26
  6.69
 10.96
  4.10
  9.34
 10.65
 -4.61
  9.54
  2.68
 16.31
  1.45
  4.82
 -2.67
  1.42
  5.66
  4.31
 13.00
 12.19
  5.74
  5.45
  2.82
  6.60
  2.75
  5.61
  5.74
  8.22
 10.07
  4.50
  7.21
 10.20
 -4.82
  7.06
  2.62
 15.60
  1.96
  5.56
 -0.67
  0.09
  3.77
  5.63
 10.04
  8.52
  4.64
  4.96
  0.52
  6.71
 -3.98
  7.27
  3.16
  5.76
  6.74
  3.50
  4.82
 11.76
 -1.60
  6.52
 -0.54
 15.14
 -0.66
  7.24
 -1.70
  6.13
  2.69
  4.85
 10.24
  5.36
 -0.92
  6.64
  1.65
  3.90
  2.80
  3.40
  7.39
  8.59
 10.01
  5.88
 11.89
  7.43
  2.27
  6.59
  6.60
  6.01
  4.13
 -4.09
  1.80
  6.86
  2.02
  3.24
  8.56
  9.49
 -1.26
  5.04
  3.36
  2.86
  1.55
  4.87
  6.81
  7.82
  7.51
  8.31
  7.55
  9.48
  3.06
  5.95
  6.63
  6.24
  5.53
 -3.43
 -0.63
  6.71
  3.25
  4.81
 11.96
  8.65
  2.04
  5.96
  1.36
  4.48
  2.34
  5.19
 10.06
  9.64
 11.02
  9.33
 10.15
 16.39
  4.25
  8.73
  7.50
  5.68
  7.60
 -4.03
  1.58
  5.19
  1.91
  2.91
 10.40
  9.91
  0.82
  7.32
  1.86
  5.46
  2.15
  5.57
  8.40
  9.40
  8.67
  8.57
  9.39
  9.54
  1.49
  7.13
  6.61
 10.83
  2.91
 -2.60
 -1.69
  5.48
  0.56
  3.06
  7.34
  6.15
  2.48
  6.89
 -0.69
  3.62
  2.24
  3.61
  6.11
  7.17
  8.68
  2.86
  8.45
  6.45
  0.75
  6.96
  3.23
  7.14
  1.21
 -3.28
  4.27
  4.81
  0.52
  2.31
  7.31
  8.22
  0.66
  4.35
  0.94
  4.00
 -0.96
  4.66
  4.48
  7.39
  6.01
  7.42
  5.54
  7.34
  2.05
  4.39
  4.94
 11.00
  3.10
 -1.04
  1.90
  4.53
  0.28
  3.39
  8.00
  8.32
  4.36
  7.86
 -2.44
  7.41
 -1.13
  5.57
  6.48
  7.80
  8.45
  5.51
  7.95
  8.57
 -0.56
  6.03
  3.92
 11.94
 -0.60
 -1.16
  5.67
  3.85
  1.48
  2.43
  7.47
  7.38
  3.82
  6.58
 -2.02
  6.95
 -2.23
  5.61
  5.18
  8.49
  7.37
  7.70
  6.62
  8.22
  2.70
  5.54
  4.61
 15.48
  0.33
  0.30
  6.17
  2.06
  1.02
  3.66
  4.92
  4.90
  2.74
  4.83
 -7.53
  7.66
 -6.96
  6.21
  3.31
  5.43
  6.02
  4.94
  3.53
  7.88
  1.36
  3.42
  1.54
 13.87
 -0.05
  1.89
 -1.04
  6.42
  0.32
  3.14
 11.23
  9.66
 19.12
  3.14
 -5.47
  4.37
  1.22
  0.18
  8.41
  3.70
  9.62
  4.89
 12.75
 12.38
  4.12
  7.63
  5.23
  7.97
  0.66
  2.63
  1.01
  6.71
  0.26
  2.14
 11.04
 12.76
 15.15
  2.76
 -4.52
  4.96
  0.44
  0.88
  7.21
  4.80
  8.21
  6.51
  8.73
 13.88
  3.85
  7.38
  6.09
  6.83
  2.44
  3.29
 -0.31
  6.96
  1.53
  4.65
 13.42
 13.02
 22.91
  2.79
 -4.80
  5.54
 -0.98
  1.86
 10.57
  4.35
 11.05
  8.96
 12.67
 20.19
  4.65
  8.83
  6.87
  6.88
  2.92
  4.11
  3.42
  6.95
  2.19
  2.32
 13.31
 14.33
 23.39
  5.27
 -4.49
  4.52
 -0.34
  2.91
  8.34
  4.69
  9.23
  6.67
 12.64
 12.75
  4.07
  9.75
  2.97
  9.81
 -0.07
  3.63
  1.28
  4.68
 -0.05
  1.91
 10.72
  9.99
 17.02
  4.14
 -3.41
  4.36
  1.00
  0.74
  6.75
  3.57
  8.33
  2.37
 10.57
  8.80
  1.91
  7.08
 -0.52
  6.98
 -0.45
  1.91
  3.34
  4.50
 -0.36
  1.35
  9.51
 10.45
 12.28
  2.50
 -5.58
  5.32
 -0.45
  0.77
  5.01
  4.33
  6.99
  4.42
  6.78
 11.61
  1.76
  6.00
  2.48
  8.61
  1.32
  4.31
  4.49
  4.82
  1.64
  1.76
 11.97
 12.58
 20.43
  5.92
 -4.29
  5.11
 -1.95
  1.46
  7.65
  3.39
  9.01
  3.89
 11.70
 10.37
  1.66
  7.48
 -1.90
 10.03
 -2.44
  3.58
  5.92
  4.65
  1.30
  0.95
 10.94
 11.07
 19.64
  4.38
 -5.49
  4.79
 -2.06
  1.53
  6.13
  6.12
  8.02
  4.42
 10.02
 10.40
  3.18
  7.47
  0.02
 12.03
 -1.62
  3.35
  6.08
  3.22
  2.52
  2.14
 10.14
  8.63
 16.65
  5.58
 -5.09
  6.13
 -8.30
  0.77
  3.74
  3.03
  6.61
  1.96
  7.78
  9.75
  1.39
  5.76
 -4.38
  9.33
 -1.82
  3.63
 -2.57
 13.31
 10.89
  5.74
 14.34
 11.80
 10.28
 12.97
  1.71
  6.32
  6.85
  8.38
 12.67
  9.75
 10.86
  3.58
 17.90
 14.85
  7.96
 15.34
 16.24
 14.01
 11.96
  5.33
 -4.65
  9.81
  9.61
  4.45
 12.59
  9.90
 11.73
  9.81
  4.78
  8.18
  8.95
  7.95
 10.89
 11.81
  9.16
 10.28
 15.84
 17.83
  6.80
 14.82
 16.56
 15.06
 12.20
  7.63
 -4.80
 12.37
 12.42
  5.47
 16.74
 10.81
 12.88
 12.60
  3.70
  6.29
  7.93
  8.38
 14.37
 12.64
 11.50
  9.91
 18.54
 23.54
  9.28
 16.22
 18.84
 13.90
 13.05
  6.86
 -1.38
 12.68
 11.58
  5.11
 15.97
 12.89
 11.66
 11.90
  8.33
  9.40
 10.62
 10.77
 13.10
 10.90
 10.65
  9.41
 14.91
 17.16
  9.46
 16.73
 15.04
 16.44
 11.60
  8.78
 -0.17
 11.70
  7.54
  4.93
 11.78
 11.16
  9.87
 11.64
  5.24
  8.34
  6.04
  7.70
 11.01
  7.93
  9.86
  1.86
 13.87
 11.62
  7.80
 14.09
 10.83
 11.51
 10.46
  5.74
  0.53
  7.21
  8.27
  2.64
 12.13
 10.64
 10.71
  8.92
  4.91
  9.68
 10.04
 10.39
  8.64
  9.64
  7.34
  9.67
 10.23
 17.07
  8.07
 13.95
 12.77
 14.65
 10.22
  8.84
  1.66
  9.99
  8.81
  5.61
 13.99
 10.88
 11.19
 12.18
  4.96
 10.21
  6.85
 10.05
 11.77
  7.56
  8.23
  6.75
 12.62
 14.76
  8.22
 15.56
  9.39
 14.64
 10.31
  8.46
  2.58
  6.20
  9.65
  3.09
 14.94
 10.17
 12.05
  9.79
  7.29
 11.23
  8.43
 11.73
 10.29
  7.30
  8.27
  9.58
 11.13
 16.57
  9.82
 14.98
 10.30
 16.76
  9.93
 10.14
  6.54
  5.00
  6.74
  3.80
 11.70
  7.22
  9.07
  7.56
  1.99
 10.06
  2.02
 10.44
  7.67
  3.87
  6.62
  6.24
  7.46
 14.54
  6.50
 11.20
  3.67
 12.53
  8.49
  9.66
  0.55
 13.32
  7.78
  7.18
 11.41
 16.17
  6.96
 11.01
  1.54
  1.76
  2.61
  7.72
 13.00
 11.65
 11.18
  3.53
 19.45
 13.42
  7.17
 12.69
 10.85
 13.36
  9.24
  1.99
 -0.52
  9.26
  7.62
  6.09
 10.59
 12.66
  7.55
  9.97
  4.35
  2.16
  3.07
  7.16
  9.38
 13.79
  9.11
  6.30
 15.61
 14.00
  7.10
 11.59
 11.87
 12.90
 10.27
  2.95
 -0.74
 11.88
  8.25
  8.87
 12.49
 15.68
  9.02
 10.93
  1.66
  0.62
  3.16
  8.35
 14.41
 13.76
 12.42
  7.44
 20.29
 20.23
  7.98
 13.26
 12.87
 11.48
 11.77
  3.11
  1.20
 11.59
  9.54
  5.93
 12.73
 15.28
  7.87
 12.04
  3.35
  3.85
  1.82
 10.40
 12.02
 14.15
 12.64
  6.71
 17.53
 14.55
  7.74
 13.71
 10.01
 15.28
  9.39
  4.55
  1.08
 12.66
  6.58
  5.59
 11.68
 13.36
  6.50
 10.00
  4.43
  4.03
  1.39
  7.36
 11.37
 10.92
  9.04
  2.26
 15.67
 10.37
  5.65
 12.38
  6.99
 12.68
  6.21
  3.52
  3.25
  6.38
  8.68
  3.76
 10.90
 12.02
  6.76
  8.99
  5.69
  4.69
  3.69
  9.50
  6.23
 13.19
  7.77
  4.49
 10.94
 14.57
  6.85
 11.05
  8.55
 11.44
  8.06
  4.40
  2.40
 11.41
  8.91
  6.16
 12.77
 13.00
  8.09
 12.49
  2.78
  5.82
  0.23
  9.23
 11.26
 11.05
 11.61
  5.18
 14.33
 13.14
  6.13
 13.10
  6.19
 15.95
  6.06
  5.51
  3.90
  7.19
  9.62
  4.86
 12.22
 11.33
  8.01
 11.33
  4.06
  4.50
  0.84
 10.12
  8.32
 13.75
  8.79
  5.31
 11.45
 14.95
  5.76
 13.45
  7.00
 17.13
  7.04
  5.90
  3.42
  3.49
  8.93
  4.38
  9.07
  8.23
  6.37
  9.21
  1.87
  6.38
 -4.55
  8.51
  5.94
  8.64
  7.07
  3.71
  8.41
 13.00
  3.59
 11.53
  1.74
 15.04
  5.03
  6.51
 -2.64
 12.86
 10.03
  3.22
  7.34
  6.09
  5.05
  9.48
  3.17
  1.66
  5.92
  4.52
  9.94
  1.74
  0.00
 -0.63
 11.73
 15.02
  3.79
  8.11
  8.71
 14.31
  5.54
  1.35
 -1.03
 12.88
  8.65
  5.25
  7.16
  4.68
  6.25
  8.06
  3.55
  3.23
  5.81
  5.43
  7.47
  5.76
  0.00
  3.41
  9.15
 15.53
  5.82
  5.59
 10.35
 15.56
  6.15
  2.59
 -3.07
 12.22
 11.18
  4.57
  7.69
  6.23
  6.90
 10.71
  2.68
  1.35
  4.59
  5.96
 12.11
  3.60
  0.00
  4.57
 10.66
 23.71
  6.18
  8.62
 11.10
 15.22
  7.73
  1.72
  0.25
 12.58
  9.84
  3.26
  8.70
  7.84
  6.36
  8.93
  2.02
  3.50
  5.95
  8.84
  9.39
  6.24
  0.00
  2.73
 11.05
 14.93
  3.23
  9.08
  8.97
 18.13
  4.87
  2.88
 -1.50
 12.21
  7.55
  1.13
  5.60
  5.78
  5.92
  7.52
 -0.27
  2.91
  5.00
  4.93
  7.86
  3.62
  0.00
 -3.58
 10.08
 11.61
  2.74
  6.50
  4.22
 13.62
  3.86
  2.18
  2.33
 10.54
  7.09
  3.84
  6.88
  4.91
  5.67
  6.19
  6.07
  2.46
  6.32
  7.67
  4.64
  9.69
  0.00
  1.75
  7.24
 13.10
  5.29
  2.76
  7.09
 15.33
  3.54
  3.93
  1.80
 11.89
  8.13
  2.83
  6.91
  5.81
  7.26
  7.76
  0.85
  4.99
  4.12
  8.88
  7.69
  5.01
  0.00
 -0.79
 10.49
 13.01
  0.73
  8.81
  4.91
 17.84
  2.77
  3.67
  4.12
 10.09
  8.14
  2.74
  8.11
  5.34
  6.86
  6.95
  2.91
  4.62
  3.88
  9.80
  5.37
  9.77
  0.00
  1.23
  8.58
 13.91
  2.64
  8.30
  6.00
 19.50
  2.24
  3.71
  4.33
  6.54
  6.80
  3.73
  5.87
  2.96
  5.63
  4.95
 -0.96
  6.06
 -1.62
 10.36
  2.88
  5.26
  0.00
  0.22
  6.86
 12.54
  2.11
  6.13
  1.96
 13.72
  2.03
  4.87
 -5.62
  9.66
  6.59
  3.34
 11.13
  6.28
  5.14
  9.25
 -4.07
 -1.57
  1.28
 -1.85
  3.94
  5.51
 16.00
 10.83
 11.98
 15.08
  3.04
 11.31
  3.59
 10.56
  9.56
  2.82
 -6.56
  5.62
  5.06
  3.59
 10.16
  5.20
  5.70
  7.12
 11.63
  0.51
  2.16
 -1.68
  2.02
  7.57
 10.24
 12.65
  9.52
 16.13
  2.61
  6.78
  4.85
 10.14
 12.09
  4.47
 -6.38
  8.27
  6.43
  4.38
  9.67
  4.86
  6.11
  9.43
  4.43
 -3.23
  0.33
 -1.58
  4.57
  8.05
 16.56
 14.80
  9.34
 26.28
  2.69
 11.49
  4.64
 11.02
 12.72
  3.24
 -5.66
  6.48
  5.23
  3.57
 15.22
  9.00
  6.01
  9.07
  3.90
  1.96
 -1.25
  0.47
  3.63
  5.54
 10.56
 13.95
 11.48
 17.39
  1.45
 11.19
  0.87
 13.31
  9.82
  5.07
 -6.35
  8.41
  4.75
  3.43
  9.99
  7.43
  5.36
  8.43
 12.86
  1.96
  0.68
 -1.31
  3.52
  4.95
 11.95
  7.62
 10.39
 12.51
  2.42
 13.46
  1.41
 10.91
  7.69
  4.36
 -3.93
  1.90
  3.64
  1.34
  9.94
  8.21
  5.16
  5.21
 17.35
  3.04
  0.96
  0.60
  1.02
  5.86
  8.81
 11.12
  8.22
 15.45
 -1.10
  6.33
  3.79
 10.21
  8.82
  5.93
 -4.79
  5.92
  3.96
  2.40
 12.71
  8.42
  6.72
  8.59
  6.80
  5.85
 -2.36
  1.42
  4.20
  5.53
 10.76
 10.00
 11.03
 15.53
  2.20
 12.52
  0.68
 14.41
  7.03
  6.44
 -3.04
  2.17
  3.61
  2.55
 13.34
  8.49
  6.84
  6.68
  9.50
  3.91
 -2.26
  2.49
  2.34
  5.77
 10.63
 10.91
  9.70
 14.99
  2.43
 10.09
 -0.28
 14.64
  6.84
  6.87
 -3.96
  0.73
  3.26
  2.48
  9.41
  6.84
  5.87
  6.13
  7.06
  5.15
 -8.31
  3.73
  3.01
  4.32
  5.56
  5.06
  7.10
 14.71
  2.57
  8.87
 -2.22
 13.29
  4.71
  7.67
 -5.55
  5.59
  2.59
  3.20
  8.21
  2.83
  0.43
  9.28
 -0.30
  4.18
  1.16
  0.45
  8.90
 -0.36
 10.59
  9.30
 12.51
  8.60
  6.92
  9.85
  6.29
  4.16
 -1.84
  2.89
 -2.15
  5.39
  1.46
  2.64
  6.28
  6.35
  0.54
  5.97
  2.40
  2.99
 -0.21
  1.36
  7.46
  0.48
  8.76
 12.14
 10.00
  9.41
  8.13
  8.09
  7.41
  4.33
 -0.26
  2.64
 -5.08
  6.29
  3.26
  3.68
  7.70
  4.76
  0.48
  9.31
  0.96
  2.76
 -0.67
  2.19
 11.45
  0.32
 12.73
 15.51
 11.55
 17.62
  9.19
  8.31
  8.23
  2.83
  0.31
  4.12
 -2.24
  4.43
  1.19
  2.88
  7.46
  7.16
 -2.00
  7.51
  1.86
  4.78
  0.30
  2.74
  9.25
 -0.00
  9.59
 11.51
 12.34
  7.36
  6.40
 10.70
  5.00
  9.29
 -3.18
  3.60
 -4.23
  2.88
  1.46
  1.86
  6.44
  5.32
  0.65
 10.20
  1.48
  5.95
  0.81
  1.91
  7.50
 -0.23
  8.52
  3.41
  9.85
  7.51
  3.45
  6.91
  2.16
  5.42
 -3.40
  2.26
 -0.89
  2.87
  0.03
  1.76
  5.84
  6.40
 -1.39
  2.92
  1.68
  4.88
 -1.50
  2.65
  4.95
 -0.35
  6.42
  9.35
  9.14
  7.34
  7.20
  6.97
  5.04
  8.13
 -1.97
  3.56
 -1.30
  2.24
 -0.17
  2.63
  6.68
  6.76
 -1.15
  7.86
 -0.23
  7.45
 -0.66
  3.13
  8.41
 -0.48
  7.19
  6.61
  9.32
  6.09
  2.05
  9.65
  1.79
 10.24
 -4.58
  4.62
  1.24
  2.12
 -0.08
  0.79
  6.97
  5.89
 -0.69
  4.65
  0.58
  7.23
 -1.43
  3.12
  6.23
 -0.64
  7.03
  8.56
  9.21
  5.14
  4.33
 10.21
  2.97
 13.98
 -4.21
  4.23
  1.22
  1.27
 -0.74
  3.09
  6.22
  3.23
 -3.73
  2.23
 -0.56
  7.55
 -5.02
  5.16
  4.42
 -0.17
  4.36
  4.04
  6.65
  5.52
  3.55
  7.67
 -0.57
 12.15
 -3.74
  4.78
  1.00
  4.08
  5.97
  0.77
 14.27
  8.53
  0.00
  2.48
 -5.42
  5.32
  0.03
  2.28
  6.46
  1.71
 11.73
  6.86
 13.55
 12.57
  0.86
  7.56
  2.91
  9.55
  3.28
 -0.07
  2.97
  2.11
  4.56
 -0.75
 11.06
 11.94
  0.00
  1.62
 -3.94
  2.90
 -0.84
  1.51
  4.74
  2.88
  9.14
  7.30
 10.01
 14.45
  0.21
  4.74
  3.05
 11.62
  3.67
  0.02
  2.12
  4.09
  6.76
  0.28
 15.00
 10.60
  0.00
  1.53
 -5.61
  4.89
 -1.33
  3.18
  7.53
  3.15
 13.01
 10.30
 13.85
 20.61
 -0.57
  8.85
  2.98
  9.44
  6.07
  0.45
  3.05
  2.88
  3.92
 -1.27
 15.08
 12.82
  0.00
  2.61
 -4.26
  5.18
  0.62
  3.54
  6.38
  2.51
 11.96
  7.61
 12.69
 13.50
 -0.93
  7.67
  1.85
 13.03
  1.60
  1.07
  0.98
  3.14
  4.26
 -0.27
 12.52
  9.84
  0.00
  4.45
 -4.82
  6.53
  0.90
  2.50
  6.57
  1.15
 11.19
  4.25
 11.10
  9.55
 -1.15
  6.69
 -0.09
  8.87
  0.79
 -0.57
  2.68
 -0.19
  1.71
  0.08
  9.62
 10.10
  0.00
  0.64
 -4.94
  3.84
 -1.25
  1.84
  3.02
  3.96
  8.05
  4.77
  7.60
 11.92
 -1.34
  2.35
  2.14
 13.28
  0.21
  1.92
  2.59
  1.87
  2.89
 -0.76
 13.56
 11.70
  0.00
  4.84
 -4.81
  8.27
 -1.34
  3.07
  5.78
  1.17
 11.79
  5.10
 10.65
 10.26
 -2.84
  6.61
 -0.67
 13.86
 -2.33
  1.50
  4.22
  0.52
  1.34
 -0.90
 11.65
 10.60
  0.00
  1.50
 -5.43
  5.45
 -1.80
  2.79
  3.93
  2.18
 10.01
  5.10
  9.42
  9.79
 -2.07
  6.02
  0.81
 15.98
 -1.77
  1.98
  1.81
  0.92
  1.63
  0.22
  8.53
  7.87
  0.00
  2.55
 -6.24
  8.17
 -5.27
  1.96
  2.42
  1.31
  8.82
  1.77
  6.74
  9.18
 -1.81
  6.02
 -1.28
 14.47
 -4.08
  3.24
